product_id,content_id,service_code,floor_code,title,date,url,affiliate_url,maker_name,label,series,genre
h_315sgcrs00053,h_315sgcrs00053,digital,videoa,Rookies 9 博多在住・Eカップのドエローなウエディングプランナーに中出し！,2009-05-31 10:00:50,https://video.dmm.co.jp/av/content/?id=h_315sgcrs00053,https://al.fanza.co.jp/?lurl=https%3A%2F%2Fvideo.dmm.co.jp%2Fav%2Fcontent%2F%3Fid%3Dh_315sgcrs00053&af_id=okd0405-990&ch=api,,,,単体作品 / 素人 / 潮吹き / 顔射 / 中出し / 拘束
parat01186,parat01186,digital,videoa,母乳ママを託児所の前で即ナン即ハメ！,2009-05-31 10:00:49,https://video.dmm.co.jp/av/content/?id=parat01186,https://al.fanza.co.jp/?lurl=https%3A%2F%2Fvideo.dmm.co.jp%2Fav%2Fcontent%2F%3Fid%3Dparat01186&af_id=okd0405-990&ch=api,,,,単体作品 / クンニ / お母さん / 3P・4P / 騎乗位 / 母乳
189dcy00001,189dcy00001,digital,videoa,コスチュームユープランニング.JP着ハメ！倖田未来,2009-05-31 10:00:48,https://video.dmm.co.jp/av/content/?id=189dcy00001,https://al.fanza.co.jp/?lurl=https%3A%2F%2Fvideo.dmm.co.jp%2Fav%2Fcontent%2F%3Fid%3D189dcy00001&af_id=okd0405-990&ch=api,,,,イメージビデオ / ローション・オイル / コスプレ / 巨乳 / 拘束 / 単体作品
303see001d,303see001d,digital,videoa,SEE-THROUGH 侑亜,2009-05-31 10:00:47,https://video.dmm.co.jp/av/content/?id=303see001d,https://al.fanza.co.jp/?lurl=https%3A%2F%2Fvideo.dmm.co.jp%2Fav%2Fcontent%2F%3Fid%3D303see001d&af_id=okd0405-990&ch=api,,,,イメージビデオ / その他フェチ / セーラー服 / ローション・オイル / 単体作品
49mama00102,49mama00102,digital,videoa,人妻デリバリー 15,2009-05-31 10:00:46,https://video.dmm.co.jp/av/content/?id=49mama00102,https://al.fanza.co.jp/?lurl=https%3A%2F%2Fvideo.dmm.co.jp%2Fav%2Fcontent%2F%3Fid%3D49mama00102&af_id=okd0405-990&ch=api,,,,電マ / 人妻・主婦 / キャバ嬢・風俗嬢
181dse00439,181dse00439,digital,videoa,調教上手な隣のお母さん 永井智美,2009-05-31 10:00:45,https://video.dmm.co.jp/av/content/?id=181dse00439,https://al.fanza.co.jp/?lurl=https%3A%2F%2Fvideo.dmm.co.jp%2Fav%2Fcontent%2F%3Fid%3D181dse00439&af_id=okd0405-990&ch=api,,,,単体作品 / 足コキ / 熟女
parat01182,parat01182,digital,videoa,花びら回転☆ピンサロ完全盗○～交渉次第で本○も！？,2009-05-31 10:00:44,https://video.dmm.co.jp/av/content/?id=parat01182,https://al.fanza.co.jp/?lurl=https%3A%2F%2Fvideo.dmm.co.jp%2Fav%2Fcontent%2F%3Fid%3Dparat01182&af_id=okd0405-990&ch=api,,,,盗撮・のぞき / フェラ / キャバ嬢・風俗嬢
303eight120d,303eight120d,digital,videoa,EIGHT 神村みなみ,2009-05-31 10:00:43,https://video.dmm.co.jp/av/content/?id=303eight120d,https://al.fanza.co.jp/?lurl=https%3A%2F%2Fvideo.dmm.co.jp%2Fav%2Fcontent%2F%3Fid%3D303eight120d&af_id=okd0405-990&ch=api,,,,学生服 / 競泳・スクール水着 / イメージビデオ / 単体作品
h_315sgms00049,h_315sgms00049,digital,videoa,愛しのバニーガール,2009-05-31 10:00:42,https://video.dmm.co.jp/av/content/?id=h_315sgms00049,https://al.fanza.co.jp/?lurl=https%3A%2F%2Fvideo.dmm.co.jp%2Fav%2Fcontent%2F%3Fid%3Dh_315sgms00049&af_id=okd0405-990&ch=api,,,,バニーガール / 3P・4P / パンスト・タイツ
h_315sgms00048,h_315sgms00048,digital,videoa,ダイエット食品のモニター募集でやってきた読者モデルに媚薬を●ませて中出ししちゃいました！！ PART2,2009-05-31 10:00:41,https://video.dmm.co.jp/av/content/?id=h_315sgms00048,https://al.fanza.co.jp/?lurl=https%3A%2F%2Fvideo.dmm.co.jp%2Fav%2Fcontent%2F%3Fid%3Dh_315sgms00048&af_id=okd0405-990&ch=api,,,,素人 / 企画 / 職業色々 / 中出し
189dcl00003,189dcl00003,digital,videoa,コスプレモデルを口説いて強引にハメる！ PART3 清純派Dカップ美巨乳AVアイドル南しずか,2009-05-31 10:00:40,https://video.dmm.co.jp/av/content/?id=189dcl00003,https://al.fanza.co.jp/?lurl=https%3A%2F%2Fvideo.dmm.co.jp%2Fav%2Fcontent%2F%3Fid%3D189dcl00003&af_id=okd0405-990&ch=api,,,,モデル / クンニ / 単体作品 / 巨乳 / コスプレ
189dsw00006,189dsw00006,digital,videoa,むちむちスポーツ Vol.6,2009-05-31 10:00:39,https://video.dmm.co.jp/av/content/?id=189dsw00006,https://al.fanza.co.jp/?lurl=https%3A%2F%2Fvideo.dmm.co.jp%2Fav%2Fcontent%2F%3Fid%3D189dsw00006&af_id=okd0405-990&ch=api,,,,巨乳 / 騎乗位 / 単体作品 / 競泳・スクール水着 / スポーツ
181dse00438,181dse00438,digital,videoa,年金熟女中出し 雪村あずさ 秋山ちか,2009-05-31 10:00:38,https://video.dmm.co.jp/av/content/?id=181dse00438,https://al.fanza.co.jp/?lurl=https%3A%2F%2Fvideo.dmm.co.jp%2Fav%2Fcontent%2F%3Fid%3D181dse00438&af_id=okd0405-990&ch=api,,,,騎乗位 / 中出し / 熟女
181dse00437,181dse00437,digital,videoa,淫らな人妻 朋美/結衣,2009-05-31 10:00:37,https://video.dmm.co.jp/av/content/?id=181dse00437,https://al.fanza.co.jp/?lurl=https%3A%2F%2Fvideo.dmm.co.jp%2Fav%2Fcontent%2F%3Fid%3D181dse00437&af_id=okd0405-990&ch=api,,,,騎乗位 / シックスナイン / 人妻・主婦
parat01175,parat01175,digital,videoa,船上乱交パーティー,2009-05-31 10:00:36,https://video.dmm.co.jp/av/content/?id=parat01175,https://al.fanza.co.jp/?lurl=https%3A%2F%2Fvideo.dmm.co.jp%2Fav%2Fcontent%2F%3Fid%3Dparat01175&af_id=okd0405-990&ch=api,,,,バイブ / クンニ / 騎乗位 / 水着 / 乱交
h_315sgcrs00052,h_315sgcrs00052,digital,videoa,［新説］ 職業を持つ人妻たち 大村麻里（29）,2009-05-31 10:00:35,https://video.dmm.co.jp/av/content/?id=h_315sgcrs00052,https://al.fanza.co.jp/?lurl=https%3A%2F%2Fvideo.dmm.co.jp%2Fav%2Fcontent%2F%3Fid%3Dh_315sgcrs00052&af_id=okd0405-990&ch=api,,,,電マ / バニーガール / 人妻・主婦 / 職業色々 / 単体作品
h_315sgms00047,h_315sgms00047,digital,videoa,制服ペディア,2009-05-31 10:00:34,https://video.dmm.co.jp/av/content/?id=h_315sgms00047,https://al.fanza.co.jp/?lurl=https%3A%2F%2Fvideo.dmm.co.jp%2Fav%2Fcontent%2F%3Fid%3Dh_315sgms00047&af_id=okd0405-990&ch=api,,,,セーラー服 / 学生服 / 女子校生 / 企画 / 美少女
h_315sgms00050,h_315sgms00050,digital,videoa,芳しきレズの香り,2009-05-31 10:00:33,https://video.dmm.co.jp/av/content/?id=h_315sgms00050,https://al.fanza.co.jp/?lurl=https%3A%2F%2Fvideo.dmm.co.jp%2Fav%2Fcontent%2F%3Fid%3Dh_315sgms00050&af_id=okd0405-990&ch=api,,,,おもちゃ / クンニ / レズビアン / 3P・4P
189dgk00001,189dgk00001,digital,videoa,GAL巨乳コスプレ美女 チ○ポ大好き！何度もイッちゃうエロ美ギャル！ 愛葉悠,2009-05-31 10:00:32,https://video.dmm.co.jp/av/content/?id=189dgk00001,https://al.fanza.co.jp/?lurl=https%3A%2F%2Fvideo.dmm.co.jp%2Fav%2Fcontent%2F%3Fid%3D189dgk00001&af_id=okd0405-990&ch=api,,,,巨乳 / ギャル / コスプレ / 単体作品
189djc00001,189djc00001,digital,videoa,どエロコスプレ熟女ハメ撮り！,2009-05-31 10:00:31,https://video.dmm.co.jp/av/content/?id=189djc00001,https://al.fanza.co.jp/?lurl=https%3A%2F%2Fvideo.dmm.co.jp%2Fav%2Fcontent%2F%3Fid%3D189djc00001&af_id=okd0405-990&ch=api,,,,コスプレ / 単体作品 / 熟女 / クンニ / ハメ撮り
181dse00425,181dse00425,digital,videoa,豊満熟女 小林捺津子,2009-05-31 10:00:29,https://video.dmm.co.jp/av/content/?id=181dse00425,https://al.fanza.co.jp/?lurl=https%3A%2F%2Fvideo.dmm.co.jp%2Fav%2Fcontent%2F%3Fid%3D181dse00425&af_id=okd0405-990&ch=api,,,,単体作品 / ぽっちゃり / 騎乗位 / 熟女
181dse00426,181dse00426,digital,videoa,淫乳熟女 仙崎春香 たまき,2009-05-31 10:00:28,https://video.dmm.co.jp/av/content/?id=181dse00426,https://al.fanza.co.jp/?lurl=https%3A%2F%2Fvideo.dmm.co.jp%2Fav%2Fcontent%2F%3Fid%3D181dse00426&af_id=okd0405-990&ch=api,,,,単体作品 / 中出し / 騎乗位 / ぽっちゃり / 熟女
140c01129,140c01129,digital,videoa,＆Fashion 109 ‘Nana’,2009-05-31 10:00:27,https://video.dmm.co.jp/av/content/?id=140c01129,https://al.fanza.co.jp/?lurl=https%3A%2F%2Fvideo.dmm.co.jp%2Fav%2Fcontent%2F%3Fid%3D140c01129&af_id=okd0405-990&ch=api,,,,騎乗位 / 職業色々
h_207spz126,h_207spz126,digital,videoa,某有名健康ランドCCDカメラ潜入盗撮,2009-05-31 10:00:26,https://video.dmm.co.jp/av/content/?id=h_207spz126,https://al.fanza.co.jp/?lurl=https%3A%2F%2Fvideo.dmm.co.jp%2Fav%2Fcontent%2F%3Fid%3Dh_207spz126&af_id=okd0405-990&ch=api,,,,レズビアン / オナニー / 盗撮・のぞき / 素人
h_047wa134,h_047wa134,digital,videoa,ナンパ！ 泥●痴●隊 飲ませて酔わせて勝手に中出しまでしちゃいました。DX 3,2009-05-31 10:00:25,https://video.dmm.co.jp/av/content/?id=h_047wa134,https://al.fanza.co.jp/?lurl=https%3A%2F%2Fvideo.dmm.co.jp%2Fav%2Fcontent%2F%3Fid%3Dh_047wa134&af_id=okd0405-990&ch=api,,,,中出し / ナンパ
181dse00428,181dse00428,digital,videoa,初撮り 新人妻 宮本由香・魚住優子,2009-05-31 10:00:23,https://video.dmm.co.jp/av/content/?id=181dse00428,https://al.fanza.co.jp/?lurl=https%3A%2F%2Fvideo.dmm.co.jp%2Fav%2Fcontent%2F%3Fid%3D181dse00428&af_id=okd0405-990&ch=api,,,,人妻・主婦 / 騎乗位 / シックスナイン
181dse00429,181dse00429,digital,videoa,親友の妻 親友の妻と淫らな関係 小鳥遊恋・夢可,2009-05-31 10:00:22,https://video.dmm.co.jp/av/content/?id=181dse00429,https://al.fanza.co.jp/?lurl=https%3A%2F%2Fvideo.dmm.co.jp%2Fav%2Fcontent%2F%3Fid%3D181dse00429&af_id=okd0405-990&ch=api,,,,単体作品 / 人妻・主婦 / シックスナイン
181dse00434,181dse00434,digital,videoa,娘のカレシに犯●れた母 辻沙雪,2009-05-31 10:00:21,https://video.dmm.co.jp/av/content/?id=181dse00434,https://al.fanza.co.jp/?lurl=https%3A%2F%2Fvideo.dmm.co.jp%2Fav%2Fcontent%2F%3Fid%3D181dse00434&af_id=okd0405-990&ch=api,,,,単体作品 / シックスナイン / 熟女 / 人妻・主婦
h_046kbkd00475,h_046kbkd00475,digital,videoa,母のおさねに戯れる息子4時間,2009-05-31 10:00:19,https://video.dmm.co.jp/av/content/?id=h_046kbkd00475,https://al.fanza.co.jp/?lurl=https%3A%2F%2Fvideo.dmm.co.jp%2Fav%2Fcontent%2F%3Fid%3Dh_046kbkd00475&af_id=okd0405-990&ch=api,,,,中出し / お母さん / 熟女 / 潮吹き
181dse00435,181dse00435,digital,videoa,五十路緊縛愛奴 十七 安藤早百合,2009-05-31 10:00:15,https://video.dmm.co.jp/av/content/?id=181dse00435,https://al.fanza.co.jp/?lurl=https%3A%2F%2Fvideo.dmm.co.jp%2Fav%2Fcontent%2F%3Fid%3D181dse00435&af_id=okd0405-990&ch=api,,,,単体作品 / 熟女 / 和服・浴衣 / SM / 縛り・緊縛
181dse00436,181dse00436,digital,videoa,熟女家政婦 高見礼子,2009-05-31 10:00:14,https://video.dmm.co.jp/av/content/?id=181dse00436,https://al.fanza.co.jp/?lurl=https%3A%2F%2Fvideo.dmm.co.jp%2Fav%2Fcontent%2F%3Fid%3D181dse00436&af_id=okd0405-990&ch=api,,,,職業色々 / 騎乗位 / 熟女
181dse00427,181dse00427,digital,videoa,【近親相姦シリーズ】 淫母相姦 総集編 四,2009-05-31 10:00:11,https://video.dmm.co.jp/av/content/?id=181dse00427,https://al.fanza.co.jp/?lurl=https%3A%2F%2Fvideo.dmm.co.jp%2Fav%2Fcontent%2F%3Fid%3D181dse00427&af_id=okd0405-990&ch=api,,,,熟女 / お母さん / 近親相姦 / ベスト・総集編
181dse00430,181dse00430,digital,videoa,恩師の奥さん 藤美淑子・由美,2009-05-31 10:00:10,https://video.dmm.co.jp/av/content/?id=181dse00430,https://al.fanza.co.jp/?lurl=https%3A%2F%2Fvideo.dmm.co.jp%2Fav%2Fcontent%2F%3Fid%3D181dse00430&af_id=okd0405-990&ch=api,,,,単体作品 / 指マン / 人妻・主婦 / 騎乗位
181dse00431,181dse00431,digital,videoa,ドリームステージベスト熟女美脚ランキング10,2009-05-31 10:00:09,https://video.dmm.co.jp/av/content/?id=181dse00431,https://al.fanza.co.jp/?lurl=https%3A%2F%2Fvideo.dmm.co.jp%2Fav%2Fcontent%2F%3Fid%3D181dse00431&af_id=okd0405-990&ch=api,,,,4時間以上作品 / 熟女 / 脚フェチ / ベスト・総集編 / 逆ナン
181dse00432,181dse00432,digital,videoa,ドリームステージ美人奥様コレクション,2009-05-31 10:00:08,https://video.dmm.co.jp/av/content/?id=181dse00432,https://al.fanza.co.jp/?lurl=https%3A%2F%2Fvideo.dmm.co.jp%2Fav%2Fcontent%2F%3Fid%3D181dse00432&af_id=okd0405-990&ch=api,,,,人妻・主婦 / ベスト・総集編
181dse00433,181dse00433,digital,videoa,近親相姦 母と子30人15組 4時間スペシャル 3,2009-05-31 10:00:07,https://video.dmm.co.jp/av/content/?id=181dse00433,https://al.fanza.co.jp/?lurl=https%3A%2F%2Fvideo.dmm.co.jp%2Fav%2Fcontent%2F%3Fid%3D181dse00433&af_id=okd0405-990&ch=api,,,,4時間以上作品 / お母さん / 近親相姦 / ベスト・総集編
189dkb00001,189dkb00001,digital,videoa,小悪魔的な女子校生 ひとみ18歳,2009-05-31 10:00:04,https://video.dmm.co.jp/av/content/?id=189dkb00001,https://al.fanza.co.jp/?lurl=https%3A%2F%2Fvideo.dmm.co.jp%2Fav%2Fcontent%2F%3Fid%3D189dkb00001&af_id=okd0405-990&ch=api,,,,女子校生 / 競泳・スクール水着 / 学生服 / 羞恥 / 単体作品
2dsd00089,2dsd00089,digital,videoa,THE BEST ドリシャ伝説 3 舌上発射編,2009-05-31 10:00:03,https://video.dmm.co.jp/av/content/?id=2dsd00089,https://al.fanza.co.jp/?lurl=https%3A%2F%2Fvideo.dmm.co.jp%2Fav%2Fcontent%2F%3Fid%3D2dsd00089&af_id=okd0405-990&ch=api,,,,ベスト・総集編 / 3P・4P / ごっくん / ぶっかけ / 巨乳
104spkd00008,104spkd00008,digital,videoa,PURPLE HAZE VOL.2 遊佐七海,2009-05-31 10:00:02,https://video.dmm.co.jp/av/content/?id=104spkd00008,https://al.fanza.co.jp/?lurl=https%3A%2F%2Fvideo.dmm.co.jp%2Fav%2Fcontent%2F%3Fid%3D104spkd00008&af_id=okd0405-990&ch=api,,,,手コキ / スレンダー / レズビアン / 潮吹き / オナニー
57mc00672,57mc00672,digital,videoa,温泉旅館の美人女将,2009-05-31 10:00:01,https://video.dmm.co.jp/av/content/?id=57mc00672,https://al.fanza.co.jp/?lurl=https%3A%2F%2Fvideo.dmm.co.jp%2Fav%2Fcontent%2F%3Fid%3D57mc00672&af_id=okd0405-990&ch=api,,,,女将・女主人 / 熟女 / 和服・浴衣
ckyl001,ckyl001,digital,videoa,熟女童貞狩り BEST,2009-05-31 10:00:00,https://video.dmm.co.jp/av/content/?id=ckyl001,https://al.fanza.co.jp/?lurl=https%3A%2F%2Fvideo.dmm.co.jp%2Fav%2Fcontent%2F%3Fid%3Dckyl001&af_id=okd0405-990&ch=api,,,,インディーズ / ベスト・総集編 / シックスナイン / 騎乗位 / 熟女
434lamf004,434lamf004,digital,videoa,STARRY EYED LOVER ＃003 Yui Sarina,2009-05-31 10:00:00,https://video.dmm.co.jp/av/content/?id=434lamf004,https://al.fanza.co.jp/?lurl=https%3A%2F%2Fvideo.dmm.co.jp%2Fav%2Fcontent%2F%3Fid%3D434lamf004&af_id=okd0405-990&ch=api,,,,単体作品 / ハメ撮り / 騎乗位 / フェラ / 巨乳 / 野外・露出
h_175dbps00001,h_175dbps00001,digital,videoa,性犯罪特捜ユニット PANIC the SPY Woman-ZERO- エピソード01 淫獣殲滅捜査の危険な罠,2009-05-30 10:00:50,https://video.dmm.co.jp/av/content/?id=h_175dbps00001,https://al.fanza.co.jp/?lurl=https%3A%2F%2Fvideo.dmm.co.jp%2Fav%2Fcontent%2F%3Fid%3Dh_175dbps00001&af_id=okd0405-990&ch=api,,,,単体作品 / 拘束 / 指マン / 電マ / 3P・4P
h_113ss00019,h_113ss00019,digital,videoa,素人セーラー服生中出し 019,2009-05-30 10:00:49,https://video.dmm.co.jp/av/content/?id=h_113ss00019,https://al.fanza.co.jp/?lurl=https%3A%2F%2Fvideo.dmm.co.jp%2Fav%2Fcontent%2F%3Fid%3Dh_113ss00019&af_id=okd0405-990&ch=api,,,,セーラー服 / めがね / 素人 / 中出し
41bndv00609,41bndv00609,digital,videoa,あのアイドルがスーパーリマスターREMIXで甦る ［宝生奈々］,2009-05-30 10:00:48,https://video.dmm.co.jp/av/content/?id=41bndv00609,https://al.fanza.co.jp/?lurl=https%3A%2F%2Fvideo.dmm.co.jp%2Fav%2Fcontent%2F%3Fid%3D41bndv00609&af_id=okd0405-990&ch=api,,,,騎乗位 / クンニ / コスプレ / 単体作品
h_113se00056,h_113se00056,digital,videoa,素人援交生中出し 56,2009-05-30 10:00:47,https://video.dmm.co.jp/av/content/?id=h_113se00056,https://al.fanza.co.jp/?lurl=https%3A%2F%2Fvideo.dmm.co.jp%2Fav%2Fcontent%2F%3Fid%3Dh_113se00056&af_id=okd0405-990&ch=api,,,,素人 / 中出し / 騎乗位
86axdvd00028r,86axdvd00028r,digital,videoa,完全人格否定 ～晒し者～,2009-05-30 10:00:46,https://video.dmm.co.jp/av/content/?id=86axdvd00028r,https://al.fanza.co.jp/?lurl=https%3A%2F%2Fvideo.dmm.co.jp%2Fav%2Fcontent%2F%3Fid%3D86axdvd00028r&af_id=okd0405-990&ch=api,,,,辱め / 中出し / SM / 3P・4P
h_175dmks00004,h_175dmks00004,digital,videoa,女スパイ拷問 4,2009-05-30 10:00:45,https://video.dmm.co.jp/av/content/?id=h_175dmks00004,https://al.fanza.co.jp/?lurl=https%3A%2F%2Fvideo.dmm.co.jp%2Fav%2Fcontent%2F%3Fid%3Dh_175dmks00004&af_id=okd0405-990&ch=api,,,,拷問 / その他フェチ / 拘束 / 電マ / 素人
h_113ss00020,h_113ss00020,digital,videoa,素人セーラー服生中出し 020,2009-05-30 10:00:44,https://video.dmm.co.jp/av/content/?id=h_113ss00020,https://al.fanza.co.jp/?lurl=https%3A%2F%2Fvideo.dmm.co.jp%2Fav%2Fcontent%2F%3Fid%3Dh_113ss00020&af_id=okd0405-990&ch=api,,,,セーラー服 / 素人 / 中出し / 騎乗位
h_113ss00021,h_113ss00021,digital,videoa,素人セーラー服生中出し 021,2009-05-30 10:00:43,https://video.dmm.co.jp/av/content/?id=h_113ss00021,https://al.fanza.co.jp/?lurl=https%3A%2F%2Fvideo.dmm.co.jp%2Fav%2Fcontent%2F%3Fid%3Dh_113ss00021&af_id=okd0405-990&ch=api,,,,セーラー服 / 素人 / 中出し / フェラ / イラマチオ
62cadr00281,62cadr00281,digital,videoa,我慢できない人妻情事 夫には言えない生交尾アルバイト,2009-05-30 10:00:42,https://video.dmm.co.jp/av/content/?id=62cadr00281,https://al.fanza.co.jp/?lurl=https%3A%2F%2Fvideo.dmm.co.jp%2Fav%2Fcontent%2F%3Fid%3D62cadr00281&af_id=okd0405-990&ch=api,,,,人妻・主婦 / 騎乗位 / 電マ / 中出し
62cadr00282,62cadr00282,digital,videoa,生保レディくどいたら本当にやらしてくれる！？ チ○ポ印で中出し契約編,2009-05-30 10:00:41,https://video.dmm.co.jp/av/content/?id=62cadr00282,https://al.fanza.co.jp/?lurl=https%3A%2F%2Fvideo.dmm.co.jp%2Fav%2Fcontent%2F%3Fid%3D62cadr00282&af_id=okd0405-990&ch=api,,,,フェラ / 中出し / 素人 / 職業色々
64bsj00070,64bsj00070,digital,videoa,母乳一番搾り,2009-05-30 10:00:40,https://video.dmm.co.jp/av/content/?id=64bsj00070,https://al.fanza.co.jp/?lurl=https%3A%2F%2Fvideo.dmm.co.jp%2Fav%2Fcontent%2F%3Fid%3D64bsj00070&af_id=okd0405-990&ch=api,,,,コスプレ / 人妻・主婦 / 巨乳 / 母乳
64bsj00071,64bsj00071,digital,videoa,昭和近親相姦劇場 鬼畜の巻,2009-05-30 10:00:39,https://video.dmm.co.jp/av/content/?id=64bsj00071,https://al.fanza.co.jp/?lurl=https%3A%2F%2Fvideo.dmm.co.jp%2Fav%2Fcontent%2F%3Fid%3D64bsj00071&af_id=okd0405-990&ch=api,,,,鬼畜 / お母さん / 近親相姦
h_113se00057,h_113se00057,digital,videoa,素人援交生中出し 57,2009-05-30 10:00:38,https://video.dmm.co.jp/av/content/?id=h_113se00057,https://al.fanza.co.jp/?lurl=https%3A%2F%2Fvideo.dmm.co.jp%2Fav%2Fcontent%2F%3Fid%3Dh_113se00057&af_id=okd0405-990&ch=api,,,,素人 / 中出し
h_113se00058,h_113se00058,digital,videoa,素人援交生中出し 58,2009-05-30 10:00:37,https://video.dmm.co.jp/av/content/?id=h_113se00058,https://al.fanza.co.jp/?lurl=https%3A%2F%2Fvideo.dmm.co.jp%2Fav%2Fcontent%2F%3Fid%3Dh_113se00058&af_id=okd0405-990&ch=api,,,,素人 / 中出し
62amd00197,62amd00197,digital,videoa,奥さん、ボクのセンズリ見てください。～美人若奥様編～,2009-05-30 10:00:36,https://video.dmm.co.jp/av/content/?id=62amd00197,https://al.fanza.co.jp/?lurl=https%3A%2F%2Fvideo.dmm.co.jp%2Fav%2Fcontent%2F%3Fid%3D62amd00197&af_id=okd0405-990&ch=api,,,,その他フェチ / 人妻・主婦
86aedvd01513r,86aedvd01513r,digital,videoa,ザ・ナンパスペシャル VOL.222 カマボコ娘にチンチン入れて！小田原【編】,2009-05-30 10:00:35,https://video.dmm.co.jp/av/content/?id=86aedvd01513r,https://al.fanza.co.jp/?lurl=https%3A%2F%2Fvideo.dmm.co.jp%2Fav%2Fcontent%2F%3Fid%3D86aedvd01513r&af_id=okd0405-990&ch=api,,,,3P・4P / ナンパ / 指マン / 素人
86aedvd01511r,86aedvd01511r,digital,videoa,団地限定！素人熟女ナンパ 7,2009-05-30 10:00:34,https://video.dmm.co.jp/av/content/?id=86aedvd01511r,https://al.fanza.co.jp/?lurl=https%3A%2F%2Fvideo.dmm.co.jp%2Fav%2Fcontent%2F%3Fid%3D86aedvd01511r&af_id=okd0405-990&ch=api,,,,パイズリ / 素人 / 熟女 / ナンパ / 3P・4P
h_113sh00015,h_113sh00015,digital,videoa,素人人妻生中出し 015 えみこ43歳,2009-05-30 10:00:33,https://video.dmm.co.jp/av/content/?id=h_113sh00015,https://al.fanza.co.jp/?lurl=https%3A%2F%2Fvideo.dmm.co.jp%2Fav%2Fcontent%2F%3Fid%3Dh_113sh00015&af_id=okd0405-990&ch=api,,,,人妻・主婦 / 素人 / 中出し / バイブ
h_113sh00014,h_113sh00014,digital,videoa,素人人妻生中出し 014 ゆりこ31歳,2009-05-30 10:00:32,https://video.dmm.co.jp/av/content/?id=h_113sh00014,https://al.fanza.co.jp/?lurl=https%3A%2F%2Fvideo.dmm.co.jp%2Fav%2Fcontent%2F%3Fid%3Dh_113sh00014&af_id=okd0405-990&ch=api,,,,人妻・主婦 / 素人 / 中出し / 騎乗位
h_113sh00013,h_113sh00013,digital,videoa,素人人妻生中出し 013 えりこ34歳,2009-05-30 10:00:31,https://video.dmm.co.jp/av/content/?id=h_113sh00013,https://al.fanza.co.jp/?lurl=https%3A%2F%2Fvideo.dmm.co.jp%2Fav%2Fcontent%2F%3Fid%3Dh_113sh00013&af_id=okd0405-990&ch=api,,,,人妻・主婦 / 素人 / 中出し
62cadr00279,62cadr00279,digital,videoa,母乳ママ！！デラックス,2009-05-30 10:00:30,https://video.dmm.co.jp/av/content/?id=62cadr00279,https://al.fanza.co.jp/?lurl=https%3A%2F%2Fvideo.dmm.co.jp%2Fav%2Fcontent%2F%3Fid%3D62cadr00279&af_id=okd0405-990&ch=api,,,,巨乳 / 人妻・主婦 / 母乳 / めがね
64bsj00072,64bsj00072,digital,videoa,熟女味くらべ 賞味期限ギリギリセーフ,2009-05-30 10:00:29,https://video.dmm.co.jp/av/content/?id=64bsj00072,https://al.fanza.co.jp/?lurl=https%3A%2F%2Fvideo.dmm.co.jp%2Fav%2Fcontent%2F%3Fid%3D64bsj00072&af_id=okd0405-990&ch=api,,,,熟女
86aedvd01512r,86aedvd01512r,digital,videoa,ナンパした素人娘を露出エッチ,2009-05-30 10:00:28,https://video.dmm.co.jp/av/content/?id=86aedvd01512r,https://al.fanza.co.jp/?lurl=https%3A%2F%2Fvideo.dmm.co.jp%2Fav%2Fcontent%2F%3Fid%3D86aedvd01512r&af_id=okd0405-990&ch=api,,,,野外・露出 / 素人 / 企画 / ナンパ
86afdvd00022r,86afdvd00022r,digital,videoa,不正流出 中出し投稿ファイル,2009-05-30 10:00:27,https://video.dmm.co.jp/av/content/?id=86afdvd00022r,https://al.fanza.co.jp/?lurl=https%3A%2F%2Fvideo.dmm.co.jp%2Fav%2Fcontent%2F%3Fid%3D86afdvd00022r&af_id=okd0405-990&ch=api,,,,ギャル / ハメ撮り / 素人 / 中出し / 投稿
h_113sy00039,h_113sy00039,digital,videoa,素人四畳半生中出し 39,2009-05-30 10:00:26,https://video.dmm.co.jp/av/content/?id=h_113sy00039,https://al.fanza.co.jp/?lurl=https%3A%2F%2Fvideo.dmm.co.jp%2Fav%2Fcontent%2F%3Fid%3Dh_113sy00039&af_id=okd0405-990&ch=api,,,,人妻・主婦 / 素人 / 中出し / 騎乗位
h_113sy00038,h_113sy00038,digital,videoa,素人四畳半生中出し 38,2009-05-30 10:00:25,https://video.dmm.co.jp/av/content/?id=h_113sy00038,https://al.fanza.co.jp/?lurl=https%3A%2F%2Fvideo.dmm.co.jp%2Fav%2Fcontent%2F%3Fid%3Dh_113sy00038&af_id=okd0405-990&ch=api,,,,人妻・主婦 / 素人 / 中出し / 熟女
h_113sy00037,h_113sy00037,digital,videoa,素人四畳半生中出し 37,2009-05-30 10:00:24,https://video.dmm.co.jp/av/content/?id=h_113sy00037,https://al.fanza.co.jp/?lurl=https%3A%2F%2Fvideo.dmm.co.jp%2Fav%2Fcontent%2F%3Fid%3Dh_113sy00037&af_id=okd0405-990&ch=api,,,,人妻・主婦 / 素人 / 中出し / 熟女
h_113ol00127,h_113ol00127,digital,videoa,元祖 素人初撮り生中出し TB●テレビ受付嬢女子社員,2009-05-30 10:00:23,https://video.dmm.co.jp/av/content/?id=h_113ol00127,https://al.fanza.co.jp/?lurl=https%3A%2F%2Fvideo.dmm.co.jp%2Fav%2Fcontent%2F%3Fid%3Dh_113ol00127&af_id=okd0405-990&ch=api,,,,職業色々 / 素人 / 中出し / オナニー
h_113ol00126,h_113ol00126,digital,videoa,元祖 素人初撮り生中出し ワー●ーマイカル女子社員,2009-05-30 10:00:22,https://video.dmm.co.jp/av/content/?id=h_113ol00126,https://al.fanza.co.jp/?lurl=https%3A%2F%2Fvideo.dmm.co.jp%2Fav%2Fcontent%2F%3Fid%3Dh_113ol00126&af_id=okd0405-990&ch=api,,,,職業色々 / 素人 / 中出し
h_113ol00125,h_113ol00125,digital,videoa,元祖 素人初撮り生中出し サン●イズ受付嬢女子社員,2009-05-30 10:00:21,https://video.dmm.co.jp/av/content/?id=h_113ol00125,https://al.fanza.co.jp/?lurl=https%3A%2F%2Fvideo.dmm.co.jp%2Fav%2Fcontent%2F%3Fid%3Dh_113ol00125&af_id=okd0405-990&ch=api,,,,巨乳 / 職業色々 / 素人 / 中出し
h_046kbkd00473,h_046kbkd00473,digital,videoa,叔母さんの童貞狩り 総集編 参,2009-05-30 10:00:20,https://video.dmm.co.jp/av/content/?id=h_046kbkd00473,https://al.fanza.co.jp/?lurl=https%3A%2F%2Fvideo.dmm.co.jp%2Fav%2Fcontent%2F%3Fid%3Dh_046kbkd00473&af_id=okd0405-990&ch=api,,,,シックスナイン / 騎乗位 / 熟女 / ベスト・総集編
59hkm025,59hkm025,digital,videoa,別々に釣り上げた素人男女が車の中で御対面 7,2009-05-30 10:00:18,https://video.dmm.co.jp/av/content/?id=59hkm025,https://al.fanza.co.jp/?lurl=https%3A%2F%2Fvideo.dmm.co.jp%2Fav%2Fcontent%2F%3Fid%3D59hkm025&af_id=okd0405-990&ch=api,,,,巨乳 / 素人 / ナンパ / 企画
140c01193,140c01193,digital,videoa,トイレクラブ 9,2009-05-30 10:00:17,https://video.dmm.co.jp/av/content/?id=140c01193,https://al.fanza.co.jp/?lurl=https%3A%2F%2Fvideo.dmm.co.jp%2Fav%2Fcontent%2F%3Fid%3D140c01193&af_id=okd0405-990&ch=api,,,,盗撮・のぞき / 放尿・お漏らし
h_158tod79,h_158tod79,digital,videoa,ザ・タブー家族 義母がすけべで身がもたない 11,2009-05-30 10:00:16,https://video.dmm.co.jp/av/content/?id=h_158tod79,https://al.fanza.co.jp/?lurl=https%3A%2F%2Fvideo.dmm.co.jp%2Fav%2Fcontent%2F%3Fid%3Dh_158tod79&af_id=okd0405-990&ch=api,,,,単体作品 / 痴女 / 近親相姦 / 義母
62cadr00280,62cadr00280,digital,videoa,人妻悶絶エクスタシー連続爆イキ100回超！！,2009-05-30 10:00:15,https://video.dmm.co.jp/av/content/?id=62cadr00280,https://al.fanza.co.jp/?lurl=https%3A%2F%2Fvideo.dmm.co.jp%2Fav%2Fcontent%2F%3Fid%3D62cadr00280&af_id=okd0405-990&ch=api,,,,人妻・主婦 / 電マ / 騎乗位 / 3P・4P
64bsdv00272,64bsdv00272,digital,videoa,ソープ宅配便 フル勃起5時間,2009-05-30 10:00:14,https://video.dmm.co.jp/av/content/?id=64bsdv00272,https://al.fanza.co.jp/?lurl=https%3A%2F%2Fvideo.dmm.co.jp%2Fav%2Fcontent%2F%3Fid%3D64bsdv00272&af_id=okd0405-990&ch=api,,,,巨乳 / キャバ嬢・風俗嬢 / 4時間以上作品
64bsj00069,64bsj00069,digital,videoa,年増園 女盛り5時間,2009-05-30 10:00:13,https://video.dmm.co.jp/av/content/?id=64bsj00069,https://al.fanza.co.jp/?lurl=https%3A%2F%2Fvideo.dmm.co.jp%2Fav%2Fcontent%2F%3Fid%3D64bsj00069&af_id=okd0405-990&ch=api,,,,熟女 / 4時間以上作品
h_113db00028,h_113db00028,digital,videoa,ブロンド（秘）おかずX 28,2009-05-30 10:00:12,https://video.dmm.co.jp/av/content/?id=h_113db00028,https://al.fanza.co.jp/?lurl=https%3A%2F%2Fvideo.dmm.co.jp%2Fav%2Fcontent%2F%3Fid%3Dh_113db00028&af_id=okd0405-990&ch=api,,,,洋ピン・海外輸入 / 脚フェチ / 足コキ / 騎乗位
h_113db00029,h_113db00029,digital,videoa,ブロンド（秘）おかずX 29,2009-05-30 10:00:11,https://video.dmm.co.jp/av/content/?id=h_113db00029,https://al.fanza.co.jp/?lurl=https%3A%2F%2Fvideo.dmm.co.jp%2Fav%2Fcontent%2F%3Fid%3Dh_113db00029&af_id=okd0405-990&ch=api,,,,レズビアン / 洋ピン・海外輸入 / 野外・露出 / 乱交
h_113db00030,h_113db00030,digital,videoa,ブロンド（秘）おかずX 30,2009-05-30 10:00:10,https://video.dmm.co.jp/av/content/?id=h_113db00030,https://al.fanza.co.jp/?lurl=https%3A%2F%2Fvideo.dmm.co.jp%2Fav%2Fcontent%2F%3Fid%3Dh_113db00030&af_id=okd0405-990&ch=api,,,,洋ピン・海外輸入 / 騎乗位 / 素人 / バイブ / クンニ
h_113ub00094,h_113ub00094,digital,videoa,裏ブロンド生ハメ 94,2009-05-30 10:00:09,https://video.dmm.co.jp/av/content/?id=h_113ub00094,https://al.fanza.co.jp/?lurl=https%3A%2F%2Fvideo.dmm.co.jp%2Fav%2Fcontent%2F%3Fid%3Dh_113ub00094&af_id=okd0405-990&ch=api,,,,洋ピン・海外輸入 / 拘束 / 女子大生 / 秘書
h_113ub00095,h_113ub00095,digital,videoa,裏ブロンド生ハメ 95,2009-05-30 10:00:08,https://video.dmm.co.jp/av/content/?id=h_113ub00095,https://al.fanza.co.jp/?lurl=https%3A%2F%2Fvideo.dmm.co.jp%2Fav%2Fcontent%2F%3Fid%3Dh_113ub00095&af_id=okd0405-990&ch=api,,,,3P・4P / レズビアン / 洋ピン・海外輸入 / 人妻・主婦 / 不倫
h_113ub00096,h_113ub00096,digital,videoa,裏ブロンド生ハメ 96,2009-05-30 10:00:07,https://video.dmm.co.jp/av/content/?id=h_113ub00096,https://al.fanza.co.jp/?lurl=https%3A%2F%2Fvideo.dmm.co.jp%2Fav%2Fcontent%2F%3Fid%3Dh_113ub00096&af_id=okd0405-990&ch=api,,,,OL / レズビアン / 洋ピン・海外輸入 / 乱交
h_113wb00019,h_113wb00019,digital,videoa,世界の（激）ワイセツ娘 019,2009-05-30 10:00:06,https://video.dmm.co.jp/av/content/?id=h_113wb00019,https://al.fanza.co.jp/?lurl=https%3A%2F%2Fvideo.dmm.co.jp%2Fav%2Fcontent%2F%3Fid%3Dh_113wb00019&af_id=okd0405-990&ch=api,,,,ミニ系 / 洋ピン・海外輸入 / 辱め / 女子校生 / 美少女
h_113wb00020,h_113wb00020,digital,videoa,世界の（激）ワイセツ娘 020,2009-05-30 10:00:05,https://video.dmm.co.jp/av/content/?id=h_113wb00020,https://al.fanza.co.jp/?lurl=https%3A%2F%2Fvideo.dmm.co.jp%2Fav%2Fcontent%2F%3Fid%3Dh_113wb00020&af_id=okd0405-990&ch=api,,,,洋ピン・海外輸入 / 黒人男優 / 野外・露出 / 騎乗位
h_113wb00021,h_113wb00021,digital,videoa,世界の（激）ワイセツ娘 021,2009-05-30 10:00:04,https://video.dmm.co.jp/av/content/?id=h_113wb00021,https://al.fanza.co.jp/?lurl=https%3A%2F%2Fvideo.dmm.co.jp%2Fav%2Fcontent%2F%3Fid%3Dh_113wb00021&af_id=okd0405-990&ch=api,,,,3P・4P / 洋ピン・海外輸入 / 職業色々 / クンニ
h_168sjml088,h_168sjml088,digital,videoa,W-QUEEN 2 純名ももvs青山ゆい,2009-05-30 10:00:03,https://video.dmm.co.jp/av/content/?id=h_168sjml088,https://al.fanza.co.jp/?lurl=https%3A%2F%2Fvideo.dmm.co.jp%2Fav%2Fcontent%2F%3Fid%3Dh_168sjml088&af_id=okd0405-990&ch=api,,,,パイズリ / 美乳 / 巨乳 / お姉さん / 小柄
h_207spz124,h_207spz124,digital,videoa,超小型CCDメガネカメラ使用 人気ピンサロ店接近盗撮,2009-05-30 10:00:02,https://video.dmm.co.jp/av/content/?id=h_207spz124,https://al.fanza.co.jp/?lurl=https%3A%2F%2Fvideo.dmm.co.jp%2Fav%2Fcontent%2F%3Fid%3Dh_207spz124&af_id=okd0405-990&ch=api,,,,フェラ / キャバ嬢・風俗嬢 / 盗撮・のぞき
433gcd123,433gcd123,digital,videoa,素人ナンパトイレ号がゆく 外伝 ガールズうんち Super4,2009-05-30 10:00:01,https://video.dmm.co.jp/av/content/?id=433gcd123,https://al.fanza.co.jp/?lurl=https%3A%2F%2Fvideo.dmm.co.jp%2Fav%2Fcontent%2F%3Fid%3D433gcd123&af_id=okd0405-990&ch=api,,,,スカトロ / 素人 / 脱糞 / 浣腸 / 女子大生
zeux001,zeux001,digital,videoa,逆輸入版 女子校生中出し映像,2009-05-30 10:00:00,https://video.dmm.co.jp/av/content/?id=zeux001,https://al.fanza.co.jp/?lurl=https%3A%2F%2Fvideo.dmm.co.jp%2Fav%2Fcontent%2F%3Fid%3Dzeux001&af_id=okd0405-990&ch=api,,,,インディーズ / 中出し / 女子校生 / 制服
77pltd08,77pltd08,digital,videoa,レズビアン・カップルズ,2009-05-30 10:00:00,https://video.dmm.co.jp/av/content/?id=77pltd08,https://al.fanza.co.jp/?lurl=https%3A%2F%2Fvideo.dmm.co.jp%2Fav%2Fcontent%2F%3Fid%3D77pltd08&af_id=okd0405-990&ch=api,,,,レズビアン / クンニ / カップル
67gd939,67gd939,digital,videoa,御無沙汰おばさん大爆発,2009-05-30 10:00:00,https://video.dmm.co.jp/av/content/?id=67gd939,https://al.fanza.co.jp/?lurl=https%3A%2F%2Fvideo.dmm.co.jp%2Fav%2Fcontent%2F%3Fid%3D67gd939&af_id=okd0405-990&ch=api,,,,潮吹き / 人妻・主婦 / 熟女 / 3P・4P
57mc00671,57mc00671,digital,videoa,巨乳貴婦人 SEX晩餐会,2009-05-30 10:00:00,https://video.dmm.co.jp/av/content/?id=57mc00671,https://al.fanza.co.jp/?lurl=https%3A%2F%2Fvideo.dmm.co.jp%2Fav%2Fcontent%2F%3Fid%3D57mc00671&af_id=okd0405-990&ch=api,,,,人妻・主婦 / 騎乗位 / 巨乳
52fe00218,52fe00218,digital,videoa,ミルキーボディー 島田百合花,2009-05-30 10:00:00,https://video.dmm.co.jp/av/content/?id=52fe00218,https://al.fanza.co.jp/?lurl=https%3A%2F%2Fvideo.dmm.co.jp%2Fav%2Fcontent%2F%3Fid%3D52fe00218&af_id=okd0405-990&ch=api,,,,フェラ / 3P・4P / 騎乗位 / クンニ / 単体作品
104nyzd00001,104nyzd00001,digital,videoa,乳乳大図鑑,2009-05-30 10:00:00,https://video.dmm.co.jp/av/content/?id=104nyzd00001,https://al.fanza.co.jp/?lurl=https%3A%2F%2Fvideo.dmm.co.jp%2Fav%2Fcontent%2F%3Fid%3D104nyzd00001&af_id=okd0405-990&ch=api,,,,パイズリ / 騎乗位 / 巨乳フェチ / 巨乳 / 単体作品
h_093r1800116,h_093r1800116,digital,videoa,ウチの社長はちょ～悩殺ちょ～ボイン Gカップ93cm,2009-05-29 10:00:38,https://video.dmm.co.jp/av/content/?id=h_093r1800116,https://al.fanza.co.jp/?lurl=https%3A%2F%2Fvideo.dmm.co.jp%2Fav%2Fcontent%2F%3Fid%3Dh_093r1800116&af_id=okd0405-990&ch=api,,,,巨乳 / 職業色々 / 辱め / 3P・4P
12bur00262,12bur00262,digital,videoa,イカセッぱっ！ 犠牲者 早乙女ルイ,2009-05-29 10:00:37,https://video.dmm.co.jp/av/content/?id=12bur00262,https://al.fanza.co.jp/?lurl=https%3A%2F%2Fvideo.dmm.co.jp%2Fav%2Fcontent%2F%3Fid%3D12bur00262&af_id=okd0405-990&ch=api,,,,単体作品 / 電マ / レオタード / 拘束 / 指マン
h_175dmks00003,h_175dmks00003,digital,videoa,女スパイ拷問 3,2009-05-29 10:00:36,https://video.dmm.co.jp/av/content/?id=h_175dmks00003,https://al.fanza.co.jp/?lurl=https%3A%2F%2Fvideo.dmm.co.jp%2Fav%2Fcontent%2F%3Fid%3Dh_175dmks00003&af_id=okd0405-990&ch=api,,,,拷問 / その他フェチ / 拘束 / 電マ / 素人
5517id00010,5517id00010,digital,videoa,ふたなり白百合女学院 2,2009-05-29 10:00:35,https://video.dmm.co.jp/av/content/?id=5517id00010,https://al.fanza.co.jp/?lurl=https%3A%2F%2Fvideo.dmm.co.jp%2Fav%2Fcontent%2F%3Fid%3D5517id00010&af_id=okd0405-990&ch=api,,,,ふたなり / レズビアン / 学園もの / セーラー服 / ハイビジョン
21psd00361,21psd00361,digital,videoa,「熟女の口はもっと嘘をつく。」 熟雌女anthology ＃044 北条麻妃,2009-05-29 10:00:34,https://video.dmm.co.jp/av/content/?id=21psd00361,https://al.fanza.co.jp/?lurl=https%3A%2F%2Fvideo.dmm.co.jp%2Fav%2Fcontent%2F%3Fid%3D21psd00361&af_id=okd0405-990&ch=api,,,,単体作品 / 主観 / 淫語 / 熟女 / 痴女 / 職業色々
h_093r1800114,h_093r1800114,digital,videoa,妹の爆乳は一見にしかず 5 Gカップ92cm めぐみ 第2章,2009-05-29 10:00:33,https://video.dmm.co.jp/av/content/?id=h_093r1800114,https://al.fanza.co.jp/?lurl=https%3A%2F%2Fvideo.dmm.co.jp%2Fav%2Fcontent%2F%3Fid%3Dh_093r1800114&af_id=okd0405-990&ch=api,,,,姉・妹 / 美少女 / 巨乳 / セーラー服
49madv00099,49madv00099,digital,videoa,昼下がりの淫ら妻 31,2009-05-29 10:00:31,https://video.dmm.co.jp/av/content/?id=49madv00099,https://al.fanza.co.jp/?lurl=https%3A%2F%2Fvideo.dmm.co.jp%2Fav%2Fcontent%2F%3Fid%3D49madv00099&af_id=okd0405-990&ch=api,,,,人妻・主婦 / 不倫
12gon00360,12gon00360,digital,videoa,ロリ・ナンパすぺしゃる。17 美少女祭り！ワンピースから覗く素足から美尻まで全部生中出し編,2009-05-29 10:00:30,https://video.dmm.co.jp/av/content/?id=12gon00360,https://al.fanza.co.jp/?lurl=https%3A%2F%2Fvideo.dmm.co.jp%2Fav%2Fcontent%2F%3Fid%3D12gon00360&af_id=okd0405-990&ch=api,,,,中出し / ミニ系 / 美少女 / ナンパ
h_093r1800115,h_093r1800115,digital,videoa,これがウワサのドリームサービス！ 風俗タクシー発射しま～す 4 牧野くるみ,2009-05-29 10:00:29,https://video.dmm.co.jp/av/content/?id=h_093r1800115,https://al.fanza.co.jp/?lurl=https%3A%2F%2Fvideo.dmm.co.jp%2Fav%2Fcontent%2F%3Fid%3Dh_093r1800115&af_id=okd0405-990&ch=api,,,,単体作品 / キャバ嬢・風俗嬢 / 美少女 / 潮吹き / 巨乳 / ギャル
h_093r1800113,h_093r1800113,digital,videoa,痴上最強！『爆乳慰悶団』団長 Hカップ94cm まりん,2009-05-29 10:00:28,https://video.dmm.co.jp/av/content/?id=h_093r1800113,https://al.fanza.co.jp/?lurl=https%3A%2F%2Fvideo.dmm.co.jp%2Fav%2Fcontent%2F%3Fid%3Dh_093r1800113&af_id=okd0405-990&ch=api,,,,美少女 / 痴女 / 巨乳 / パイズリ
21ad00158,21ad00158,digital,videoa,催● 赤 DXXX ドキュメント編 鈴木ありす,2009-05-29 10:00:27,https://video.dmm.co.jp/av/content/?id=21ad00158,https://al.fanza.co.jp/?lurl=https%3A%2F%2Fvideo.dmm.co.jp%2Fav%2Fcontent%2F%3Fid%3D21ad00158&af_id=okd0405-990&ch=api,,,,単体作品 / ドキュメンタリー / ドール / 貧乳・微乳 / 美少女
21ad00159,21ad00159,digital,videoa,催● 赤 DXXX スーパーmc編 鈴木ありす,2009-05-29 10:00:26,https://video.dmm.co.jp/av/content/?id=21ad00159,https://al.fanza.co.jp/?lurl=https%3A%2F%2Fvideo.dmm.co.jp%2Fav%2Fcontent%2F%3Fid%3D21ad00159&af_id=okd0405-990&ch=api,,,,単体作品 / ドール / 妄想 / 貧乳・微乳 / セーラー服
104lihd00001,104lihd00001,digital,videoa,美少女アナル 和泉しずく,2009-05-29 10:00:25,https://video.dmm.co.jp/av/content/?id=104lihd00001,https://al.fanza.co.jp/?lurl=https%3A%2F%2Fvideo.dmm.co.jp%2Fav%2Fcontent%2F%3Fid%3D104lihd00001&af_id=okd0405-990&ch=api,,,,美少女 / レズビアン / 中出し / アナル / 電マ / 単体作品
104mdhd00004,104mdhd00004,digital,videoa,美熟女アナル 2 藤木ルイ,2009-05-29 10:00:24,https://video.dmm.co.jp/av/content/?id=104mdhd00004,https://al.fanza.co.jp/?lurl=https%3A%2F%2Fvideo.dmm.co.jp%2Fav%2Fcontent%2F%3Fid%3D104mdhd00004&af_id=okd0405-990&ch=api,,,,アナルセックス / 単体作品 / 熟女 / ランジェリー / 3P・4P
138sfna00048,138sfna00048,digital,videoa,僕の彼女としてみませんか？ Vol.8,2009-05-29 10:00:23,https://video.dmm.co.jp/av/content/?id=138sfna00048,https://al.fanza.co.jp/?lurl=https%3A%2F%2Fvideo.dmm.co.jp%2Fav%2Fcontent%2F%3Fid%3D138sfna00048&af_id=okd0405-990&ch=api,,,,指マン / フェラ / 騎乗位
138hokg00003,138hokg00003,digital,videoa,放課後 ときめきHファイル 3,2009-05-29 10:00:22,https://video.dmm.co.jp/av/content/?id=138hokg00003,https://al.fanza.co.jp/?lurl=https%3A%2F%2Fvideo.dmm.co.jp%2Fav%2Fcontent%2F%3Fid%3D138hokg00003&af_id=okd0405-990&ch=api,,,,オナニー / 騎乗位 / 女子校生 / 学生服
29djni00030,29djni00030,digital,videoa,エロ脚とデカ尻！パンストはいたままチ○ポ差し込んでそのまま中出し！！ 2,2009-05-29 10:00:20,https://video.dmm.co.jp/av/content/?id=29djni00030,https://al.fanza.co.jp/?lurl=https%3A%2F%2Fvideo.dmm.co.jp%2Fav%2Fcontent%2F%3Fid%3D29djni00030&af_id=okd0405-990&ch=api,,,,単体作品 / 中出し / パンスト・タイツ / その他フェチ / 尻フェチ / 脚フェチ
29djno00072,29djno00072,digital,videoa,熟した人妻のエロ尻,2009-05-29 10:00:19,https://video.dmm.co.jp/av/content/?id=29djno00072,https://al.fanza.co.jp/?lurl=https%3A%2F%2Fvideo.dmm.co.jp%2Fav%2Fcontent%2F%3Fid%3D29djno00072&af_id=okd0405-990&ch=api,,,,単体作品 / 人妻・主婦 / 尻フェチ / 熟女 / 騎乗位
138sfna00047,138sfna00047,digital,videoa,A級素人 リアルナンパ 5時間 4,2009-05-29 10:00:18,https://video.dmm.co.jp/av/content/?id=138sfna00047,https://al.fanza.co.jp/?lurl=https%3A%2F%2Fvideo.dmm.co.jp%2Fav%2Fcontent%2F%3Fid%3D138sfna00047&af_id=okd0405-990&ch=api,,,,騎乗位 / 指マン / 素人 / ハメ撮り / ナンパ
h_021pts134,h_021pts134,digital,videoa,本気で口説けばヤレる！ 人妻マッサージ師,2009-05-29 10:00:17,https://video.dmm.co.jp/av/content/?id=h_021pts134,https://al.fanza.co.jp/?lurl=https%3A%2F%2Fvideo.dmm.co.jp%2Fav%2Fcontent%2F%3Fid%3Dh_021pts134&af_id=okd0405-990&ch=api,,,,マッサージ・リフレ / 人妻・主婦 / 騎乗位
h_047wa133,h_047wa133,digital,videoa,素人妻ナンパ生中出し4時間セレブDX 9,2009-05-29 10:00:16,https://video.dmm.co.jp/av/content/?id=h_047wa133,https://al.fanza.co.jp/?lurl=https%3A%2F%2Fvideo.dmm.co.jp%2Fav%2Fcontent%2F%3Fid%3Dh_047wa133&af_id=okd0405-990&ch=api,,,,中出し / 素人 / 人妻・主婦 / ナンパ
84rokad00202,84rokad00202,digital,videoa,生意気女子校生をレ●プして生中出ししちゃいました！NEO,2009-05-29 10:00:15,https://video.dmm.co.jp/av/content/?id=84rokad00202,https://al.fanza.co.jp/?lurl=https%3A%2F%2Fvideo.dmm.co.jp%2Fav%2Fcontent%2F%3Fid%3D84rokad00202&af_id=okd0405-990&ch=api,,,,中出し / 学生服 / 女子校生
140c01122,140c01122,digital,videoa,＆Fashion 108 ‘Maria’,2009-05-29 10:00:12,https://video.dmm.co.jp/av/content/?id=140c01122,https://al.fanza.co.jp/?lurl=https%3A%2F%2Fvideo.dmm.co.jp%2Fav%2Fcontent%2F%3Fid%3D140c01122&af_id=okd0405-990&ch=api,,,,ウェイトレス / 騎乗位 / 指マン
h_169simg298,h_169simg298,digital,videoa,出会い系@池袋OL動画,2009-05-29 10:00:11,https://video.dmm.co.jp/av/content/?id=h_169simg298,https://al.fanza.co.jp/?lurl=https%3A%2F%2Fvideo.dmm.co.jp%2Fav%2Fcontent%2F%3Fid%3Dh_169simg298&af_id=okd0405-990&ch=api,,,,騎乗位 / ローター / ハメ撮り / 制服 / OL / 単体作品
h_207spz123,h_207spz123,digital,videoa,実録投稿 おじさまと女子校生,2009-05-29 10:00:10,https://video.dmm.co.jp/av/content/?id=h_207spz123,https://al.fanza.co.jp/?lurl=https%3A%2F%2Fvideo.dmm.co.jp%2Fav%2Fcontent%2F%3Fid%3Dh_207spz123&af_id=okd0405-990&ch=api,,,,騎乗位 / ミニスカ / 盗撮・のぞき / 女子校生 / 投稿
433psd012,433psd012,digital,videoa,凄いオナニー女子大生 吉永あき,2009-05-29 10:00:09,https://video.dmm.co.jp/av/content/?id=433psd012,https://al.fanza.co.jp/?lurl=https%3A%2F%2Fvideo.dmm.co.jp%2Fav%2Fcontent%2F%3Fid%3D433psd012&af_id=okd0405-990&ch=api,,,,単体作品 / 野外・露出 / 脱糞 / 女子大生 / オナニー / アナル
65tpd00032,65tpd00032,digital,videoa,沖本猛の素人無差別白書3 口説道編,2009-05-29 10:00:06,https://video.dmm.co.jp/av/content/?id=65tpd00032,https://al.fanza.co.jp/?lurl=https%3A%2F%2Fvideo.dmm.co.jp%2Fav%2Fcontent%2F%3Fid%3D65tpd00032&af_id=okd0405-990&ch=api,,,,素人 / 巨乳 / 企画
104jppd00001,104jppd00001,digital,videoa,純白パンティだよ全員集合！！ VOL.01,2009-05-29 10:00:04,https://video.dmm.co.jp/av/content/?id=104jppd00001,https://al.fanza.co.jp/?lurl=https%3A%2F%2Fvideo.dmm.co.jp%2Fav%2Fcontent%2F%3Fid%3D104jppd00001&af_id=okd0405-990&ch=api,,,,その他フェチ / 盗撮・のぞき / パンチラ
2sbd00036,2sbd00036,digital,videoa,STAR BOX 山咲萌,2009-05-29 10:00:03,https://video.dmm.co.jp/av/content/?id=2sbd00036,https://al.fanza.co.jp/?lurl=https%3A%2F%2Fvideo.dmm.co.jp%2Fav%2Fcontent%2F%3Fid%3D2sbd00036&af_id=okd0405-990&ch=api,,,,単体作品 / ごっくん / ベスト・総集編 / 巨乳 / 若妻・幼妻 / レズビアン
57mc00670,57mc00670,digital,videoa,ガマンできない38歳 拘虐蠢悦編,2009-05-29 10:00:02,https://video.dmm.co.jp/av/content/?id=57mc00670,https://al.fanza.co.jp/?lurl=https%3A%2F%2Fvideo.dmm.co.jp%2Fav%2Fcontent%2F%3Fid%3D57mc00670&af_id=okd0405-990&ch=api,,,,おもちゃ / 騎乗位 / 熟女
111mfd036,111mfd036,digital,videoa,M的願望症候群 斉藤麻美 七瀬香織 藤原優美,2009-05-29 10:00:01,https://video.dmm.co.jp/av/content/?id=111mfd036,https://al.fanza.co.jp/?lurl=https%3A%2F%2Fvideo.dmm.co.jp%2Fav%2Fcontent%2F%3Fid%3D111mfd036&af_id=okd0405-990&ch=api,,,,痴女 / 美少女 / シックスナイン / 看護婦・ナース
xxtl001,xxtl001,digital,videoa,禁断の同性愛調教 4時間,2009-05-29 10:00:00,https://video.dmm.co.jp/av/content/?id=xxtl001,https://al.fanza.co.jp/?lurl=https%3A%2F%2Fvideo.dmm.co.jp%2Fav%2Fcontent%2F%3Fid%3Dxxtl001&af_id=okd0405-990&ch=api,,,,インディーズ / 縛り・緊縛 / レズビアン / 制服
h_086zura00001,h_086zura00001,digital,videoa,なめ地獄 翔田千里,2009-05-28 10:00:47,https://video.dmm.co.jp/av/content/?id=h_086zura00001,https://al.fanza.co.jp/?lurl=https%3A%2F%2Fvideo.dmm.co.jp%2Fav%2Fcontent%2F%3Fid%3Dh_086zura00001&af_id=okd0405-990&ch=api,,,,クンニ / 拘束 / 指マン / 熟女 / 単体作品
h_157div00044,h_157div00044,digital,videoa,女子校生ぬる×2おま●こオナニー Vol.2,2009-05-28 10:00:46,https://video.dmm.co.jp/av/content/?id=h_157div00044,https://al.fanza.co.jp/?lurl=https%3A%2F%2Fvideo.dmm.co.jp%2Fav%2Fcontent%2F%3Fid%3Dh_157div00044&af_id=okd0405-990&ch=api,,,,女子校生 / オナニー / 学生服
13zow00002,13zow00002,digital,videoa,人妻恥悦旅行 町村小夜子,2009-05-28 10:00:45,https://video.dmm.co.jp/av/content/?id=13zow00002,https://al.fanza.co.jp/?lurl=https%3A%2F%2Fvideo.dmm.co.jp%2Fav%2Fcontent%2F%3Fid%3D13zow00002&af_id=okd0405-990&ch=api,,,,単体作品 / クンニ / 和服・浴衣 / 人妻・主婦
h_086fffd00001,h_086fffd00001,digital,videoa,近親相姦 母と息子の肉欲交尾 真波紫乃,2009-05-28 10:00:41,https://video.dmm.co.jp/av/content/?id=h_086fffd00001,https://al.fanza.co.jp/?lurl=https%3A%2F%2Fvideo.dmm.co.jp%2Fav%2Fcontent%2F%3Fid%3Dh_086fffd00001&af_id=okd0405-990&ch=api,,,,単体作品 / 熟女 / 近親相姦 / シックスナイン
h_086fffd00002,h_086fffd00002,digital,videoa,近親相姦 母と息子の肉欲交尾 栗原かおる,2009-05-28 10:00:40,https://video.dmm.co.jp/av/content/?id=h_086fffd00002,https://al.fanza.co.jp/?lurl=https%3A%2F%2Fvideo.dmm.co.jp%2Fav%2Fcontent%2F%3Fid%3Dh_086fffd00002&af_id=okd0405-990&ch=api,,,,単体作品 / 熟女 / 近親相姦
104smpd00016,104smpd00016,digital,videoa,本当にあった女性専用射精するニューハーフソープへようこそ,2009-05-28 10:00:39,https://video.dmm.co.jp/av/content/?id=104smpd00016,https://al.fanza.co.jp/?lurl=https%3A%2F%2Fvideo.dmm.co.jp%2Fav%2Fcontent%2F%3Fid%3D104smpd00016&af_id=okd0405-990&ch=api,,,,ニューハーフ / キャバ嬢・風俗嬢 / 中出し / 単体作品
h_068mxsps00058,h_068mxsps00058,digital,videoa,乙音奈々 DUAL BOX 8時間 2,2009-05-28 10:00:37,https://video.dmm.co.jp/av/content/?id=h_068mxsps00058,https://al.fanza.co.jp/?lurl=https%3A%2F%2Fvideo.dmm.co.jp%2Fav%2Fcontent%2F%3Fid%3Dh_068mxsps00058&af_id=okd0405-990&ch=api,,,,中出し / 若妻・幼妻 / 潮吹き / 単体作品 / 女優ベスト・総集編
h_068mxsps00056,h_068mxsps00056,digital,videoa,MAXING半期ベスト完全保存版 5,2009-05-28 10:00:35,https://video.dmm.co.jp/av/content/?id=h_068mxsps00056,https://al.fanza.co.jp/?lurl=https%3A%2F%2Fvideo.dmm.co.jp%2Fav%2Fcontent%2F%3Fid%3Dh_068mxsps00056&af_id=okd0405-990&ch=api,,,,ベスト・総集編 / 4時間以上作品
h_086sika00015,h_086sika00015,digital,videoa,近親相姦 五十路の母 倉木小夜,2009-05-28 10:00:33,https://video.dmm.co.jp/av/content/?id=h_086sika00015,https://al.fanza.co.jp/?lurl=https%3A%2F%2Fvideo.dmm.co.jp%2Fav%2Fcontent%2F%3Fid%3Dh_086sika00015&af_id=okd0405-990&ch=api,,,,単体作品 / 熟女 / 近親相姦 / クンニ
h_086uuru00001,h_086uuru00001,digital,videoa,再会した母の肉体 ～上京した息子の部屋に突然やってきた母～ 宮田かおる,2009-05-28 10:00:32,https://video.dmm.co.jp/av/content/?id=h_086uuru00001,https://al.fanza.co.jp/?lurl=https%3A%2F%2Fvideo.dmm.co.jp%2Fav%2Fcontent%2F%3Fid%3Dh_086uuru00001&af_id=okd0405-990&ch=api,,,,中出し / 単体作品 / 熟女 / 近親相姦 / シックスナイン
h_086uuru00002,h_086uuru00002,digital,videoa,母さんの携帯電話 ～夫とのテレフォンSEXと息子の性欲～ 波木麗子,2009-05-28 10:00:31,https://video.dmm.co.jp/av/content/?id=h_086uuru00002,https://al.fanza.co.jp/?lurl=https%3A%2F%2Fvideo.dmm.co.jp%2Fav%2Fcontent%2F%3Fid%3Dh_086uuru00002&af_id=okd0405-990&ch=api,,,,中出し / 単体作品 / 熟女 / 近親相姦
h_257the00012,h_257the00012,digital,videoa,痴女熟女達 2,2009-05-28 10:00:30,https://video.dmm.co.jp/av/content/?id=h_257the00012,https://al.fanza.co.jp/?lurl=https%3A%2F%2Fvideo.dmm.co.jp%2Fav%2Fcontent%2F%3Fid%3Dh_257the00012&af_id=okd0405-990&ch=api,,,,痴女 / 熟女 / 手コキ / 3P・4P
164sbjd00067,164sbjd00067,digital,videoa,豊満たっぷり溢れる肉欲に溺れる4時間総集編,2009-05-28 10:00:29,https://video.dmm.co.jp/av/content/?id=164sbjd00067,https://al.fanza.co.jp/?lurl=https%3A%2F%2Fvideo.dmm.co.jp%2Fav%2Fcontent%2F%3Fid%3D164sbjd00067&af_id=okd0405-990&ch=api,,,,熟女 / ぽっちゃり / ベスト・総集編
164sbjd00068,164sbjd00068,digital,videoa,団地妻 旦那のいない間に知らない男と日常的にSEXする人妻 4時間総集編,2009-05-28 10:00:28,https://video.dmm.co.jp/av/content/?id=164sbjd00068,https://al.fanza.co.jp/?lurl=https%3A%2F%2Fvideo.dmm.co.jp%2Fav%2Fcontent%2F%3Fid%3D164sbjd00068&af_id=okd0405-990&ch=api,,,,人妻・主婦 / 騎乗位 / ベスト・総集編
164sbjd00065,164sbjd00065,digital,videoa,素人人妻中出し捕獲収穫祭4時間総集編,2009-05-28 10:00:27,https://video.dmm.co.jp/av/content/?id=164sbjd00065,https://al.fanza.co.jp/?lurl=https%3A%2F%2Fvideo.dmm.co.jp%2Fav%2Fcontent%2F%3Fid%3D164sbjd00065&af_id=okd0405-990&ch=api,,,,中出し / 素人 / 人妻・主婦 / 熟女 / ベスト・総集編
164sbjd00066,164sbjd00066,digital,videoa,近○相姦 後ろから激しく突きまくられる義母4時間総集編,2009-05-28 10:00:26,https://video.dmm.co.jp/av/content/?id=164sbjd00066,https://al.fanza.co.jp/?lurl=https%3A%2F%2Fvideo.dmm.co.jp%2Fav%2Fcontent%2F%3Fid%3D164sbjd00066&af_id=okd0405-990&ch=api,,,,熟女 / 近親相姦 / 義母 / ベスト・総集編
h_115yeed00045,h_115yeed00045,digital,videoa,団地妻エステ 桜庭怜香,2009-05-28 10:00:25,https://video.dmm.co.jp/av/content/?id=h_115yeed00045,https://al.fanza.co.jp/?lurl=https%3A%2F%2Fvideo.dmm.co.jp%2Fav%2Fcontent%2F%3Fid%3Dh_115yeed00045&af_id=okd0405-990&ch=api,,,,人妻・主婦 / その他フェチ / エステ / 単体作品
h_046kbkd00472,h_046kbkd00472,digital,videoa,近親相姦 母子受精 久我舞 祥子,2009-05-28 10:00:24,https://video.dmm.co.jp/av/content/?id=h_046kbkd00472,https://al.fanza.co.jp/?lurl=https%3A%2F%2Fvideo.dmm.co.jp%2Fav%2Fcontent%2F%3Fid%3Dh_046kbkd00472&af_id=okd0405-990&ch=api,,,,単体作品 / 熟女 / 近親相姦 / 騎乗位 / お母さん
h_101gs579,h_101gs579,digital,videoa,密着生撮り 人妻恋人 ＃30 人妻・美鈴（三十歳）,2009-05-28 10:00:23,https://video.dmm.co.jp/av/content/?id=h_101gs579,https://al.fanza.co.jp/?lurl=https%3A%2F%2Fvideo.dmm.co.jp%2Fav%2Fcontent%2F%3Fid%3Dh_101gs579&af_id=okd0405-990&ch=api,,,,クンニ / 熟女 / 不倫 / 人妻・主婦
140c01189,140c01189,digital,videoa,悪戯マンション 021,2009-05-28 10:00:22,https://video.dmm.co.jp/av/content/?id=140c01189,https://al.fanza.co.jp/?lurl=https%3A%2F%2Fvideo.dmm.co.jp%2Fav%2Fcontent%2F%3Fid%3D140c01189&af_id=okd0405-990&ch=api,,,,盗撮・のぞき / ドラッグ
172rwrk318r,172rwrk318r,digital,videoa,潮・紅音ほたる REAL STARS BEST,2009-05-28 10:00:21,https://video.dmm.co.jp/av/content/?id=172rwrk318r,https://al.fanza.co.jp/?lurl=https%3A%2F%2Fvideo.dmm.co.jp%2Fav%2Fcontent%2F%3Fid%3D172rwrk318r&af_id=okd0405-990&ch=api,,,,3P・4P / 痴女 / 潮吹き / 単体作品 / 女優ベスト・総集編
59hai019,59hai019,digital,videoa,突然素人娘の自宅に乱入ナンパしてSEX？ VOL.4,2009-05-28 10:00:20,https://video.dmm.co.jp/av/content/?id=59hai019,https://al.fanza.co.jp/?lurl=https%3A%2F%2Fvideo.dmm.co.jp%2Fav%2Fcontent%2F%3Fid%3D59hai019&af_id=okd0405-990&ch=api,,,,ナンパ / 企画 / 素人
h_170vnds2523,h_170vnds2523,digital,videoa,不倫連れ込み宿,2009-05-28 10:00:18,https://video.dmm.co.jp/av/content/?id=h_170vnds2523,https://al.fanza.co.jp/?lurl=https%3A%2F%2Fvideo.dmm.co.jp%2Fav%2Fcontent%2F%3Fid%3Dh_170vnds2523&af_id=okd0405-990&ch=api,,,,人妻・主婦 / 不倫 / 和服・浴衣 / 騎乗位 / フェラ
h_207spz122,h_207spz122,digital,videoa,実録投稿 新年会淫行映像,2009-05-28 10:00:17,https://video.dmm.co.jp/av/content/?id=h_207spz122,https://al.fanza.co.jp/?lurl=https%3A%2F%2Fvideo.dmm.co.jp%2Fav%2Fcontent%2F%3Fid%3Dh_207spz122&af_id=okd0405-990&ch=api,,,,乱交 / 投稿 / フェラ / 騎乗位 / 淫乱・ハード系
433radd402,433radd402,digital,videoa,貧乏萌え airi,2009-05-28 10:00:16,https://video.dmm.co.jp/av/content/?id=433radd402,https://al.fanza.co.jp/?lurl=https%3A%2F%2Fvideo.dmm.co.jp%2Fav%2Fcontent%2F%3Fid%3D433radd402&af_id=okd0405-990&ch=api,,,,放尿・お漏らし / 指マン / 近親相姦 / ミニ系
77pbhd16,77pbhd16,digital,videoa,ザ・輪●-実録潜入ドキュメント-,2009-05-28 10:00:13,https://video.dmm.co.jp/av/content/?id=77pbhd16,https://al.fanza.co.jp/?lurl=https%3A%2F%2Fvideo.dmm.co.jp%2Fav%2Fcontent%2F%3Fid%3D77pbhd16&af_id=okd0405-990&ch=api,,,,淫乱・ハード系 / 乱交 / 素人
28dvh00346,28dvh00346,digital,videoa,女子校生強●中出し 10,2009-05-28 10:00:12,https://video.dmm.co.jp/av/content/?id=28dvh00346,https://al.fanza.co.jp/?lurl=https%3A%2F%2Fvideo.dmm.co.jp%2Fav%2Fcontent%2F%3Fid%3D28dvh00346&af_id=okd0405-990&ch=api,,,,女子校生 / 学生服 / 中出し
67gd938,67gd938,digital,videoa,熟濡れ潮吹き夫人 今宮せつな（38歳） 菅原真弓（45歳）,2009-05-28 10:00:11,https://video.dmm.co.jp/av/content/?id=67gd938,https://al.fanza.co.jp/?lurl=https%3A%2F%2Fvideo.dmm.co.jp%2Fav%2Fcontent%2F%3Fid%3D67gd938&af_id=okd0405-990&ch=api,,,,潮吹き / 人妻・主婦 / 熟女 / クンニ / 3P・4P
189dlk00013,189dlk00013,digital,videoa,レズキス 女子校生禁断同性愛の記録 あんな あん,2009-05-28 10:00:10,https://video.dmm.co.jp/av/content/?id=189dlk00013,https://al.fanza.co.jp/?lurl=https%3A%2F%2Fvideo.dmm.co.jp%2Fav%2Fcontent%2F%3Fid%3D189dlk00013&af_id=okd0405-990&ch=api,,,,女子校生 / レズビアン / レズキス / 学生服 / 単体作品
104swfd00003,104swfd00003,digital,videoa,衝撃相姦ダブルフィスト VOL.3,2009-05-28 10:00:09,https://video.dmm.co.jp/av/content/?id=104swfd00003,https://al.fanza.co.jp/?lurl=https%3A%2F%2Fvideo.dmm.co.jp%2Fav%2Fcontent%2F%3Fid%3D104swfd00003&af_id=okd0405-990&ch=api,,,,レズビアン / フィスト / 巨乳 / 白人女優 / 3P・4P
65tpd00031,65tpd00031,digital,videoa,熟女解体新書,2009-05-28 10:00:08,https://video.dmm.co.jp/av/content/?id=65tpd00031,https://al.fanza.co.jp/?lurl=https%3A%2F%2Fvideo.dmm.co.jp%2Fav%2Fcontent%2F%3Fid%3D65tpd00031&af_id=okd0405-990&ch=api,,,,熟女 / 放尿・お漏らし / 縛り・緊縛 / アナル / 野外・露出
77pkos00005,77pkos00005,digital,videoa,失禁恥女5 小泉亜子,2009-05-28 10:00:06,https://video.dmm.co.jp/av/content/?id=77pkos00005,https://al.fanza.co.jp/?lurl=https%3A%2F%2Fvideo.dmm.co.jp%2Fav%2Fcontent%2F%3Fid%3D77pkos00005&af_id=okd0405-990&ch=api,,,,単体作品 / メイド / 女子校生 / 羞恥 / 放尿・お漏らし
41gks00012,41gks00012,digital,videoa,REAL面接 R-5,2009-05-28 10:00:05,https://video.dmm.co.jp/av/content/?id=41gks00012,https://al.fanza.co.jp/?lurl=https%3A%2F%2Fvideo.dmm.co.jp%2Fav%2Fcontent%2F%3Fid%3D41gks00012&af_id=okd0405-990&ch=api,,,,素人 / 職業色々 / 中出し
2drd00032,2drd00032,digital,videoa,DRAGONS GATE 1st ANNIVERSARY！！ ［正規軍］,2009-05-28 10:00:04,https://video.dmm.co.jp/av/content/?id=2drd00032,https://al.fanza.co.jp/?lurl=https%3A%2F%2Fvideo.dmm.co.jp%2Fav%2Fcontent%2F%3Fid%3D2drd00032&af_id=okd0405-990&ch=api,,,,パンスト・タイツ / ベスト・総集編 / ミニ系 / 痴女 / 野外・露出
57mc00668,57mc00668,digital,videoa,四十路熟母 袂から溢れる艶華のかほり,2009-05-28 10:00:03,https://video.dmm.co.jp/av/content/?id=57mc00668,https://al.fanza.co.jp/?lurl=https%3A%2F%2Fvideo.dmm.co.jp%2Fav%2Fcontent%2F%3Fid%3D57mc00668&af_id=okd0405-990&ch=api,,,,騎乗位 / 和服・浴衣 / 熟女
434lamf008,434lamf008,digital,videoa,DOUBLE EXTACY,2009-05-28 10:00:02,https://video.dmm.co.jp/av/content/?id=434lamf008,https://al.fanza.co.jp/?lurl=https%3A%2F%2Fvideo.dmm.co.jp%2Fav%2Fcontent%2F%3Fid%3D434lamf008&af_id=okd0405-990&ch=api,,,,3P・4P / オナニー / ミニスカ / バイブ / レズビアン
181dse00424,181dse00424,digital,videoa,女繩師 狩野千秋 熟女縛りのテクニック,2009-05-28 10:00:01,https://video.dmm.co.jp/av/content/?id=181dse00424,https://al.fanza.co.jp/?lurl=https%3A%2F%2Fvideo.dmm.co.jp%2Fav%2Fcontent%2F%3Fid%3D181dse00424&af_id=okd0405-990&ch=api,,,,和服・浴衣 / 熟女 / 縛り・緊縛
xnrl001,xnrl001,digital,videoa,都内某所ラブホテル盗撮,2009-05-28 10:00:00,https://video.dmm.co.jp/av/content/?id=xnrl001,https://al.fanza.co.jp/?lurl=https%3A%2F%2Fvideo.dmm.co.jp%2Fav%2Fcontent%2F%3Fid%3Dxnrl001&af_id=okd0405-990&ch=api,,,,インディーズ / 騎乗位 / 素人 / 盗撮・のぞき
aa473,aa473,digital,videoa,セーラーズ倶楽部 6,2009-05-28 10:00:00,https://video.dmm.co.jp/av/content/?id=aa473,https://al.fanza.co.jp/?lurl=https%3A%2F%2Fvideo.dmm.co.jp%2Fav%2Fcontent%2F%3Fid%3Daa473&af_id=okd0405-990&ch=api,,,,オナニー / クンニ / 学生服 / セーラー服 / 女子校生
17awd00051,17awd00051,digital,videoa,近親相姦 母のお尻 浅倉彩音35歳,2009-05-27 10:00:48,https://video.dmm.co.jp/av/content/?id=17awd00051,https://al.fanza.co.jp/?lurl=https%3A%2F%2Fvideo.dmm.co.jp%2Fav%2Fcontent%2F%3Fid%3D17awd00051&af_id=okd0405-990&ch=api,,,,単体作品 / お母さん / 近親相姦 / 熟女 / 尻フェチ
61rmd758r,61rmd758r,digital,videoa,綾波優です。,2009-05-27 10:00:47,https://video.dmm.co.jp/av/content/?id=61rmd758r,https://al.fanza.co.jp/?lurl=https%3A%2F%2Fvideo.dmm.co.jp%2Fav%2Fcontent%2F%3Fid%3D61rmd758r&af_id=okd0405-990&ch=api,,,,制服 / 潮吹き / 競泳・スクール水着 / 単体作品 / 女優ベスト・総集編
41bndv00607,41bndv00607,digital,videoa,カンパニー松尾 全仕事4時間 vol.1,2009-05-27 10:00:46,https://video.dmm.co.jp/av/content/?id=41bndv00607,https://al.fanza.co.jp/?lurl=https%3A%2F%2Fvideo.dmm.co.jp%2Fav%2Fcontent%2F%3Fid%3D41bndv00607&af_id=okd0405-990&ch=api,,,,巨乳 / 野外・露出 / 騎乗位 / 素人
49hedv00091,49hedv00091,digital,videoa,GAL’S CLIMAX 3,2009-05-27 10:00:45,https://video.dmm.co.jp/av/content/?id=49hedv00091,https://al.fanza.co.jp/?lurl=https%3A%2F%2Fvideo.dmm.co.jp%2Fav%2Fcontent%2F%3Fid%3D49hedv00091&af_id=okd0405-990&ch=api,,,,潮吹き / 電マ / お姉さん / 3P・4P
12dot00009,12dot00009,digital,videoa,アラフォーヒトヅマ ドット ナカダシ Mrs 40age.NAKA-DASHI,2009-05-27 10:00:44,https://video.dmm.co.jp/av/content/?id=12dot00009,https://al.fanza.co.jp/?lurl=https%3A%2F%2Fvideo.dmm.co.jp%2Fav%2Fcontent%2F%3Fid%3D12dot00009&af_id=okd0405-990&ch=api,,,,縛り・緊縛 / 中出し / 人妻・主婦 / 熟女 / イラマチオ
422dir00008,422dir00008,digital,videoa,エロい女のピストンマ●コとイヤラシい腰使い 5 絶頂限界ディルドゥオナニー,2009-05-27 10:00:43,https://video.dmm.co.jp/av/content/?id=422dir00008,https://al.fanza.co.jp/?lurl=https%3A%2F%2Fvideo.dmm.co.jp%2Fav%2Fcontent%2F%3Fid%3D422dir00008&af_id=okd0405-990&ch=api,,,,その他フェチ / おもちゃ / オナニー
422shin00029,422shin00029,digital,videoa,生まれて初めて風俗店に面接を申し込んだ人妻たち 第8章,2009-05-27 10:00:42,https://video.dmm.co.jp/av/content/?id=422shin00029,https://al.fanza.co.jp/?lurl=https%3A%2F%2Fvideo.dmm.co.jp%2Fav%2Fcontent%2F%3Fid%3D422shin00029&af_id=okd0405-990&ch=api,,,,巨乳 / キャバ嬢・風俗嬢 / 盗撮・のぞき / 人妻・主婦 / 騎乗位
125ud00386r,125ud00386r,digital,videoa,凌●玩具肉便器,2009-05-27 10:00:41,https://video.dmm.co.jp/av/content/?id=125ud00386r,https://al.fanza.co.jp/?lurl=https%3A%2F%2Fvideo.dmm.co.jp%2Fav%2Fcontent%2F%3Fid%3D125ud00386r&af_id=okd0405-990&ch=api,,,,指マン / 騎乗位 / 辱め / デジモ / イラマチオ
12fta00091,12fta00091,digital,videoa,THE ヤリすぎ！女！！濃厚4時間,2009-05-27 10:00:40,https://video.dmm.co.jp/av/content/?id=12fta00091,https://al.fanza.co.jp/?lurl=https%3A%2F%2Fvideo.dmm.co.jp%2Fav%2Fcontent%2F%3Fid%3D12fta00091&af_id=okd0405-990&ch=api,,,,オナニー / 手コキ / パイズリ / その他フェチ
151re00433,151re00433,digital,videoa,限界知らずの艶美な巨乳人妻｢三十路の舞台は本番面接｣,2009-05-27 10:00:39,https://video.dmm.co.jp/av/content/?id=151re00433,https://al.fanza.co.jp/?lurl=https%3A%2F%2Fvideo.dmm.co.jp%2Fav%2Fcontent%2F%3Fid%3D151re00433&af_id=okd0405-990&ch=api,,,,潮吹き / 熟女 / 巨乳 / 人妻・主婦 / 指マン / 単体作品
151re00436,151re00436,digital,videoa,人妻派遣社員の淫靡な不倫 淫らに悶え震える熱い膣穴,2009-05-27 10:00:38,https://video.dmm.co.jp/av/content/?id=151re00436,https://al.fanza.co.jp/?lurl=https%3A%2F%2Fvideo.dmm.co.jp%2Fav%2Fcontent%2F%3Fid%3D151re00436&af_id=okd0405-990&ch=api,,,,騎乗位 / 指マン / 人妻・主婦 / 制服 / 巨乳 / 単体作品
17abd00029,17abd00029,digital,videoa,母と息子の近親相姦 五十路の熟母 澤村美香,2009-05-27 10:00:37,https://video.dmm.co.jp/av/content/?id=17abd00029,https://al.fanza.co.jp/?lurl=https%3A%2F%2Fvideo.dmm.co.jp%2Fav%2Fcontent%2F%3Fid%3D17abd00029&af_id=okd0405-990&ch=api,,,,単体作品 / 近親相姦 / 熟女 / お母さん / 騎乗位
17abd00030,17abd00030,digital,videoa,母と息子の近親相姦 五十路の熟母 関口恵都子,2009-05-27 10:00:36,https://video.dmm.co.jp/av/content/?id=17abd00030,https://al.fanza.co.jp/?lurl=https%3A%2F%2Fvideo.dmm.co.jp%2Fav%2Fcontent%2F%3Fid%3D17abd00030&af_id=okd0405-990&ch=api,,,,単体作品 / 騎乗位 / 近親相姦 / お母さん / 熟女
17agd00013,17agd00013,digital,videoa,近親相姦 豊満熟母 ～お母さんの巨大乳房が好きだから～ ［安岡たまき38歳］,2009-05-27 10:00:35,https://video.dmm.co.jp/av/content/?id=17agd00013,https://al.fanza.co.jp/?lurl=https%3A%2F%2Fvideo.dmm.co.jp%2Fav%2Fcontent%2F%3Fid%3D17agd00013&af_id=okd0405-990&ch=api,,,,単体作品 / ぽっちゃり / 巨乳 / 近親相姦 / 熟女
125ud00384r,125ud00384r,digital,videoa,キャバ嬢とアフター 4,2009-05-27 10:00:34,https://video.dmm.co.jp/av/content/?id=125ud00384r,https://al.fanza.co.jp/?lurl=https%3A%2F%2Fvideo.dmm.co.jp%2Fav%2Fcontent%2F%3Fid%3D125ud00384r&af_id=okd0405-990&ch=api,,,,デジモ / フェラ / キャバ嬢・風俗嬢 / スレンダー
125ud00385r,125ud00385r,digital,videoa,オフィスレディー M奴● 2,2009-05-27 10:00:33,https://video.dmm.co.jp/av/content/?id=125ud00385r,https://al.fanza.co.jp/?lurl=https%3A%2F%2Fvideo.dmm.co.jp%2Fav%2Fcontent%2F%3Fid%3D125ud00385r&af_id=okd0405-990&ch=api,,,,顔射 / 辱め / OL / デジモ
140c01188,140c01188,digital,videoa,罪と罰 万引き女 ＃29 人妻編・10,2009-05-27 10:00:32,https://video.dmm.co.jp/av/content/?id=140c01188,https://al.fanza.co.jp/?lurl=https%3A%2F%2Fvideo.dmm.co.jp%2Fav%2Fcontent%2F%3Fid%3D140c01188&af_id=okd0405-990&ch=api,,,,フェラ / 人妻・主婦
h_158tod78,h_158tod78,digital,videoa,すけべぇ義父の嫁いぢり 18 美人嫁を狙う寝たきり義父編,2009-05-27 10:00:31,https://video.dmm.co.jp/av/content/?id=h_158tod78,https://al.fanza.co.jp/?lurl=https%3A%2F%2Fvideo.dmm.co.jp%2Fav%2Fcontent%2F%3Fid%3Dh_158tod78&af_id=okd0405-990&ch=api,,,,単体作品 / 看護婦・ナース / 近親相姦
151re00434,151re00434,digital,videoa,ラブホで燃える人妻の悶え顔 淫欲に濡れた熱い割れ目を自分で開く…,2009-05-27 10:00:30,https://video.dmm.co.jp/av/content/?id=151re00434,https://al.fanza.co.jp/?lurl=https%3A%2F%2Fvideo.dmm.co.jp%2Fav%2Fcontent%2F%3Fid%3D151re00434&af_id=okd0405-990&ch=api,,,,人妻・主婦 / 騎乗位 / シックスナイン / 指マン
151re00435,151re00435,digital,videoa,四十路妻連続潮吹きレ●プ！！「セフレと愛欲の果てに犯●れる…」,2009-05-27 10:00:29,https://video.dmm.co.jp/av/content/?id=151re00435,https://al.fanza.co.jp/?lurl=https%3A%2F%2Fvideo.dmm.co.jp%2Fav%2Fcontent%2F%3Fid%3D151re00435&af_id=okd0405-990&ch=api,,,,指マン / 潮吹き / 人妻・主婦 / 熟女 / 単体作品
151re00437,151re00437,digital,videoa,真性潮吹き女の蕩けたおま○こ「イク・イク・イク～の潮吹き前線…」,2009-05-27 10:00:28,https://video.dmm.co.jp/av/content/?id=151re00437,https://al.fanza.co.jp/?lurl=https%3A%2F%2Fvideo.dmm.co.jp%2Fav%2Fcontent%2F%3Fid%3D151re00437&af_id=okd0405-990&ch=api,,,,指マン / クンニ / 騎乗位 / 潮吹き
151re00438,151re00438,digital,videoa,奥さん！レ●プされてるのに潮なんか吹いてんじゃね～！！4 陵●されても感じてしまう人妻の淫ら尻,2009-05-27 10:00:27,https://video.dmm.co.jp/av/content/?id=151re00438,https://al.fanza.co.jp/?lurl=https%3A%2F%2Fvideo.dmm.co.jp%2Fav%2Fcontent%2F%3Fid%3D151re00438&af_id=okd0405-990&ch=api,,,,中出し / 3P・4P / 潮吹き / 人妻・主婦
h_406boin00024,h_406boin00024,digital,videoa,巨乳・爆乳 乳揉み VOL.6,2009-05-27 10:00:25,https://video.dmm.co.jp/av/content/?id=h_406boin00024,https://al.fanza.co.jp/?lurl=https%3A%2F%2Fvideo.dmm.co.jp%2Fav%2Fcontent%2F%3Fid%3Dh_406boin00024&af_id=okd0405-990&ch=api,,,,巨乳フェチ / 巨乳
17cb00165,17cb00165,digital,videoa,近親相姦 夜●い10,2009-05-27 10:00:24,https://video.dmm.co.jp/av/content/?id=17cb00165,https://al.fanza.co.jp/?lurl=https%3A%2F%2Fvideo.dmm.co.jp%2Fav%2Fcontent%2F%3Fid%3D17cb00165&af_id=okd0405-990&ch=api,,,,騎乗位 / お母さん / 巨乳 / 熟女 / 近親相姦
17cb00166,17cb00166,digital,videoa,関西マニアック人妻投稿 7,2009-05-27 10:00:23,https://video.dmm.co.jp/av/content/?id=17cb00166,https://al.fanza.co.jp/?lurl=https%3A%2F%2Fvideo.dmm.co.jp%2Fav%2Fcontent%2F%3Fid%3D17cb00166&af_id=okd0405-990&ch=api,,,,投稿 / 熟女 / 素人 / 人妻・主婦
17cb00167,17cb00167,digital,videoa,優しい五十路の熟女 安藤千代子DX,2009-05-27 10:00:22,https://video.dmm.co.jp/av/content/?id=17cb00167,https://al.fanza.co.jp/?lurl=https%3A%2F%2Fvideo.dmm.co.jp%2Fav%2Fcontent%2F%3Fid%3D17cb00167&af_id=okd0405-990&ch=api,,,,単体作品 / 騎乗位 / 3P・4P / 熟女
17tn00001,17tn00001,digital,videoa,4時間！実録母子愛スペシャル,2009-05-27 10:00:21,https://video.dmm.co.jp/av/content/?id=17tn00001,https://al.fanza.co.jp/?lurl=https%3A%2F%2Fvideo.dmm.co.jp%2Fav%2Fcontent%2F%3Fid%3D17tn00001&af_id=okd0405-990&ch=api,,,,熟女 / 近親相姦 / お母さん / ベスト・総集編
125ud00387r,125ud00387r,digital,videoa,レオベストガールズ 8人＋α未公開映像集,2009-05-27 10:00:20,https://video.dmm.co.jp/av/content/?id=125ud00387r,https://al.fanza.co.jp/?lurl=https%3A%2F%2Fvideo.dmm.co.jp%2Fav%2Fcontent%2F%3Fid%3D125ud00387r&af_id=okd0405-990&ch=api,,,,指マン / 顔射 / ベスト・総集編 / デジモ
h_067rnade392r,h_067rnade392r,digital,videoa,絶叫・悶絶・昇天熟女240分,2009-05-27 10:00:19,https://video.dmm.co.jp/av/content/?id=h_067rnade392r,https://al.fanza.co.jp/?lurl=https%3A%2F%2Fvideo.dmm.co.jp%2Fav%2Fcontent%2F%3Fid%3Dh_067rnade392r&af_id=okd0405-990&ch=api,,,,お母さん / 人妻・主婦 / 熟女
h_100smow072,h_100smow072,digital,videoa,リアル盗撮 本当にあった！ラブホの隠しカメラ映像流出！！,2009-05-27 10:00:16,https://video.dmm.co.jp/av/content/?id=h_100smow072,https://al.fanza.co.jp/?lurl=https%3A%2F%2Fvideo.dmm.co.jp%2Fav%2Fcontent%2F%3Fid%3Dh_100smow072&af_id=okd0405-990&ch=api,,,,素人 / 盗撮・のぞき
h_170vnds2521,h_170vnds2521,digital,videoa,美人団地妻の生中出し 3,2009-05-27 10:00:15,https://video.dmm.co.jp/av/content/?id=h_170vnds2521,https://al.fanza.co.jp/?lurl=https%3A%2F%2Fvideo.dmm.co.jp%2Fav%2Fcontent%2F%3Fid%3Dh_170vnds2521&af_id=okd0405-990&ch=api,,,,人妻・主婦 / 中出し / 騎乗位 / 盗撮・のぞき / 指マン
h_207spz121,h_207spz121,digital,videoa,隠撮 主婦がハマル熟練整体院,2009-05-27 10:00:14,https://video.dmm.co.jp/av/content/?id=h_207spz121,https://al.fanza.co.jp/?lurl=https%3A%2F%2Fvideo.dmm.co.jp%2Fav%2Fcontent%2F%3Fid%3Dh_207spz121&af_id=okd0405-990&ch=api,,,,熟女 / 盗撮・のぞき / 人妻・主婦 / 電マ / 3P・4P
h_167alx542,h_167alx542,digital,videoa,美人限定 ハメ撮り選手権,2009-05-27 10:00:13,https://video.dmm.co.jp/av/content/?id=h_167alx542,https://al.fanza.co.jp/?lurl=https%3A%2F%2Fvideo.dmm.co.jp%2Fav%2Fcontent%2F%3Fid%3Dh_167alx542&af_id=okd0405-990&ch=api,,,,コンパニオン / OL / ハメ撮り / 素人 / 騎乗位
h_101gs00338,h_101gs00338,digital,videoa,ハメをはずした人妻たち。 02,2009-05-27 10:00:12,https://video.dmm.co.jp/av/content/?id=h_101gs00338,https://al.fanza.co.jp/?lurl=https%3A%2F%2Fvideo.dmm.co.jp%2Fav%2Fcontent%2F%3Fid%3Dh_101gs00338&af_id=okd0405-990&ch=api,,,,人妻・主婦 / 不倫
433gcd122,433gcd122,digital,videoa,素人ナンパトイレ号がゆく 外伝 TOKYOガールズうんち10,2009-05-27 10:00:10,https://video.dmm.co.jp/av/content/?id=433gcd122,https://al.fanza.co.jp/?lurl=https%3A%2F%2Fvideo.dmm.co.jp%2Fav%2Fcontent%2F%3Fid%3D433gcd122&af_id=okd0405-990&ch=api,,,,盗撮・のぞき / 脱糞 / 素人 / ナンパ / スカトロ
77jcb01,77jcb01,digital,videoa,巨乳熟女の癒しエロス 1 森下こずえ,2009-05-27 10:00:08,https://video.dmm.co.jp/av/content/?id=77jcb01,https://al.fanza.co.jp/?lurl=https%3A%2F%2Fvideo.dmm.co.jp%2Fav%2Fcontent%2F%3Fid%3D77jcb01&af_id=okd0405-990&ch=api,,,,巨乳 / 熟女 / パイズリ / アナル / 単体作品
65tpd00030,65tpd00030,digital,videoa,微・女子校生 Shiofuki,2009-05-27 10:00:07,https://video.dmm.co.jp/av/content/?id=65tpd00030,https://al.fanza.co.jp/?lurl=https%3A%2F%2Fvideo.dmm.co.jp%2Fav%2Fcontent%2F%3Fid%3D65tpd00030&af_id=okd0405-990&ch=api,,,,女子校生 / 潮吹き / 体操着・ブルマ
57mc00663,57mc00663,digital,videoa,義母の寝室大全集 其之弐,2009-05-27 10:00:06,https://video.dmm.co.jp/av/content/?id=57mc00663,https://al.fanza.co.jp/?lurl=https%3A%2F%2Fvideo.dmm.co.jp%2Fav%2Fcontent%2F%3Fid%3D57mc00663&af_id=okd0405-990&ch=api,,,,オナニー / 人妻・主婦 / 近親相姦 / ベスト・総集編
104gold01,104gold01,digital,videoa,Golden Fuck,2009-05-27 10:00:05,https://video.dmm.co.jp/av/content/?id=104gold01,https://al.fanza.co.jp/?lurl=https%3A%2F%2Fvideo.dmm.co.jp%2Fav%2Fcontent%2F%3Fid%3D104gold01&af_id=okd0405-990&ch=api,,,,オナニー / その他フェチ
52fe00217,52fe00217,digital,videoa,痴女たちの履歴,2009-05-27 10:00:04,https://video.dmm.co.jp/av/content/?id=52fe00217,https://al.fanza.co.jp/?lurl=https%3A%2F%2Fvideo.dmm.co.jp%2Fav%2Fcontent%2F%3Fid%3D52fe00217&af_id=okd0405-990&ch=api,,,,痴女 / 素人 / シックスナイン / 3P・4P / ランジェリー
434lamf005,434lamf005,digital,videoa,PUSSYxxx,2009-05-27 10:00:03,https://video.dmm.co.jp/av/content/?id=434lamf005,https://al.fanza.co.jp/?lurl=https%3A%2F%2Fvideo.dmm.co.jp%2Fav%2Fcontent%2F%3Fid%3D434lamf005&af_id=okd0405-990&ch=api,,,,単体作品 / フェラ / 3P・4P / バイブ / オナニー / ランジェリー
181dse00423,181dse00423,digital,videoa,オナニー中毒のお婆ちゃんたち,2009-05-27 10:00:02,https://video.dmm.co.jp/av/content/?id=181dse00423,https://al.fanza.co.jp/?lurl=https%3A%2F%2Fvideo.dmm.co.jp%2Fav%2Fcontent%2F%3Fid%3D181dse00423&af_id=okd0405-990&ch=api,,,,熟女 / オナニー
434lamf002,434lamf002,digital,videoa,STARRY EYED LOVER ＃002 Hana Matsuzawa,2009-05-27 10:00:01,https://video.dmm.co.jp/av/content/?id=434lamf002,https://al.fanza.co.jp/?lurl=https%3A%2F%2Fvideo.dmm.co.jp%2Fav%2Fcontent%2F%3Fid%3D434lamf002&af_id=okd0405-990&ch=api,,,,単体作品 / ハメ撮り / 騎乗位 / フェラ / 野外・露出 / 水着
weul001,weul001,digital,videoa,全国ニューハーフコレクション,2009-05-27 10:00:00,https://video.dmm.co.jp/av/content/?id=weul001,https://al.fanza.co.jp/?lurl=https%3A%2F%2Fvideo.dmm.co.jp%2Fav%2Fcontent%2F%3Fid%3Dweul001&af_id=okd0405-990&ch=api,,,,インディーズ / 騎乗位 / ニューハーフ
h_113ss00017,h_113ss00017,digital,videoa,素人セーラー服生中出し 017,2009-05-26 10:00:50,https://video.dmm.co.jp/av/content/?id=h_113ss00017,https://al.fanza.co.jp/?lurl=https%3A%2F%2Fvideo.dmm.co.jp%2Fav%2Fcontent%2F%3Fid%3Dh_113ss00017&af_id=okd0405-990&ch=api,,,,セーラー服 / 素人 / 中出し / 女子校生 / バイブ
h_172hmgl011,h_172hmgl011,digital,videoa,恥ずかしいカラダ かのん,2009-05-26 10:00:49,https://video.dmm.co.jp/av/content/?id=h_172hmgl011,https://al.fanza.co.jp/?lurl=https%3A%2F%2Fvideo.dmm.co.jp%2Fav%2Fcontent%2F%3Fid%3Dh_172hmgl011&af_id=okd0405-990&ch=api,,,,野外・露出 / 素人 / 巨乳
h_113se00055,h_113se00055,digital,videoa,素人援交生中出し 55,2009-05-26 10:00:48,https://video.dmm.co.jp/av/content/?id=h_113se00055,https://al.fanza.co.jp/?lurl=https%3A%2F%2Fvideo.dmm.co.jp%2Fav%2Fcontent%2F%3Fid%3Dh_113se00055&af_id=okd0405-990&ch=api,,,,素人 / 中出し / フェラ
h_115seed00041,h_115seed00041,digital,videoa,近親相姦美熟女セレクション VOL.9,2009-05-26 10:00:47,https://video.dmm.co.jp/av/content/?id=h_115seed00041,https://al.fanza.co.jp/?lurl=https%3A%2F%2Fvideo.dmm.co.jp%2Fav%2Fcontent%2F%3Fid%3Dh_115seed00041&af_id=okd0405-990&ch=api,,,,熟女 / 近親相姦 / ベスト・総集編
143nhm00007,143nhm00007,digital,videoa,中出しソープ 麗しの熟女湯屋 新婚ラブラブ専門店 早川ゆり,2009-05-26 10:00:46,https://video.dmm.co.jp/av/content/?id=143nhm00007,https://al.fanza.co.jp/?lurl=https%3A%2F%2Fvideo.dmm.co.jp%2Fav%2Fcontent%2F%3Fid%3D143nhm00007&af_id=okd0405-990&ch=api,,,,単体作品 / デジモ / キャバ嬢・風俗嬢 / 中出し / 熟女 / シックスナイン
h_046kbkd00470,h_046kbkd00470,digital,videoa,ぽっちゃり熟女 総集編,2009-05-26 10:00:45,https://video.dmm.co.jp/av/content/?id=h_046kbkd00470,https://al.fanza.co.jp/?lurl=https%3A%2F%2Fvideo.dmm.co.jp%2Fav%2Fcontent%2F%3Fid%3Dh_046kbkd00470&af_id=okd0405-990&ch=api,,,,騎乗位 / 熟女 / ぽっちゃり / ベスト・総集編
h_113ol00124,h_113ol00124,digital,videoa,元祖 素人初撮り生中出し セル●アンタワー受付嬢女子社員,2009-05-26 10:00:44,https://video.dmm.co.jp/av/content/?id=h_113ol00124,https://al.fanza.co.jp/?lurl=https%3A%2F%2Fvideo.dmm.co.jp%2Fav%2Fcontent%2F%3Fid%3Dh_113ol00124&af_id=okd0405-990&ch=api,,,,職業色々 / 素人 / 中出し / 騎乗位
h_113sh00012,h_113sh00012,digital,videoa,素人人妻生中出し 012 まりこ29歳,2009-05-26 10:00:43,https://video.dmm.co.jp/av/content/?id=h_113sh00012,https://al.fanza.co.jp/?lurl=https%3A%2F%2Fvideo.dmm.co.jp%2Fav%2Fcontent%2F%3Fid%3Dh_113sh00012&af_id=okd0405-990&ch=api,,,,人妻・主婦 / 素人 / 中出し
h_113sy00036,h_113sy00036,digital,videoa,素人四畳半生中出し 36,2009-05-26 10:00:42,https://video.dmm.co.jp/av/content/?id=h_113sy00036,https://al.fanza.co.jp/?lurl=https%3A%2F%2Fvideo.dmm.co.jp%2Fav%2Fcontent%2F%3Fid%3Dh_113sy00036&af_id=okd0405-990&ch=api,,,,人妻・主婦 / 素人 / 中出し / 巨乳 / クンニ
h_113ss00018,h_113ss00018,digital,videoa,素人セーラー服生中出し 018,2009-05-26 10:00:41,https://video.dmm.co.jp/av/content/?id=h_113ss00018,https://al.fanza.co.jp/?lurl=https%3A%2F%2Fvideo.dmm.co.jp%2Fav%2Fcontent%2F%3Fid%3Dh_113ss00018&af_id=okd0405-990&ch=api,,,,セーラー服 / 素人 / 中出し / バイブ
140c01185,140c01185,digital,videoa,悪戯マンション 特別篇 3,2009-05-26 10:00:40,https://video.dmm.co.jp/av/content/?id=140c01185,https://al.fanza.co.jp/?lurl=https%3A%2F%2Fvideo.dmm.co.jp%2Fav%2Fcontent%2F%3Fid%3D140c01185&af_id=okd0405-990&ch=api,,,,女子校生 / OL / ドラッグ
59hkc047,59hkc047,digital,videoa,素人カップルナンパ！彼氏の前でヤラれる彼女 6,2009-05-26 10:00:39,https://video.dmm.co.jp/av/content/?id=59hkc047,https://al.fanza.co.jp/?lurl=https%3A%2F%2Fvideo.dmm.co.jp%2Fav%2Fcontent%2F%3Fid%3D59hkc047&af_id=okd0405-990&ch=api,,,,ナンパ / 企画 / 素人 / カップル
h_210sino00032,h_210sino00032,digital,videoa,◆発情◆ 素人カップル車内交尾 4 盗撮4時間,2009-05-26 10:00:38,https://video.dmm.co.jp/av/content/?id=h_210sino00032,https://al.fanza.co.jp/?lurl=https%3A%2F%2Fvideo.dmm.co.jp%2Fav%2Fcontent%2F%3Fid%3Dh_210sino00032&af_id=okd0405-990&ch=api,,,,カップル / 盗撮・のぞき / 素人 / カーセックス
h_170vnds2514,h_170vnds2514,digital,videoa,ウチのカミさんイカせて犯ってください。,2009-05-26 10:00:36,https://video.dmm.co.jp/av/content/?id=h_170vnds2514,https://al.fanza.co.jp/?lurl=https%3A%2F%2Fvideo.dmm.co.jp%2Fav%2Fcontent%2F%3Fid%3Dh_170vnds2514&af_id=okd0405-990&ch=api,,,,人妻・主婦 / 辱め / ランジェリー / 電マ / 潮吹き
h_167alx516,h_167alx516,digital,videoa,高額バイトで集めた素人娘にオナホールでシゴかせる,2009-05-26 10:00:35,https://video.dmm.co.jp/av/content/?id=h_167alx516,https://al.fanza.co.jp/?lurl=https%3A%2F%2Fvideo.dmm.co.jp%2Fav%2Fcontent%2F%3Fid%3Dh_167alx516&af_id=okd0405-990&ch=api,,,,騎乗位 / 企画 / 素人 / 3P・4P / オナニー
h_206spz082,h_206spz082,digital,videoa,メガネアイドル中出し姦 真壁まこ,2009-05-26 10:00:34,https://video.dmm.co.jp/av/content/?id=h_206spz082,https://al.fanza.co.jp/?lurl=https%3A%2F%2Fvideo.dmm.co.jp%2Fav%2Fcontent%2F%3Fid%3Dh_206spz082&af_id=okd0405-990&ch=api,,,,単体作品 / ローション・オイル / チャイナドレス / 中出し / 巨乳 / めがね
h_113db00027,h_113db00027,digital,videoa,ブロンド（秘）おかずX 27,2009-05-26 10:00:33,https://video.dmm.co.jp/av/content/?id=h_113db00027,https://al.fanza.co.jp/?lurl=https%3A%2F%2Fvideo.dmm.co.jp%2Fav%2Fcontent%2F%3Fid%3Dh_113db00027&af_id=okd0405-990&ch=api,,,,SM / アナル / 洋ピン・海外輸入
h_113ub00093,h_113ub00093,digital,videoa,裏ブロンド生ハメ 93,2009-05-26 10:00:32,https://video.dmm.co.jp/av/content/?id=h_113ub00093,https://al.fanza.co.jp/?lurl=https%3A%2F%2Fvideo.dmm.co.jp%2Fav%2Fcontent%2F%3Fid%3Dh_113ub00093&af_id=okd0405-990&ch=api,,,,レズビアン / 洋ピン・海外輸入 / 人妻・主婦 / 野外・露出 / 巨乳
h_113wb00018,h_113wb00018,digital,videoa,世界の（激）ワイセツ娘 018,2009-05-26 10:00:31,https://video.dmm.co.jp/av/content/?id=h_113wb00018,https://al.fanza.co.jp/?lurl=https%3A%2F%2Fvideo.dmm.co.jp%2Fav%2Fcontent%2F%3Fid%3Dh_113wb00018&af_id=okd0405-990&ch=api,,,,3P・4P / 洋ピン・海外輸入 / 野外・露出
h_113se00054,h_113se00054,digital,videoa,素人援交生中出し 54,2009-05-26 10:00:30,https://video.dmm.co.jp/av/content/?id=h_113se00054,https://al.fanza.co.jp/?lurl=https%3A%2F%2Fvideo.dmm.co.jp%2Fav%2Fcontent%2F%3Fid%3Dh_113se00054&af_id=okd0405-990&ch=api,,,,素人 / 中出し / 電マ
h_113ss00016,h_113ss00016,digital,videoa,素人セーラー服生中出し 016,2009-05-26 10:00:28,https://video.dmm.co.jp/av/content/?id=h_113ss00016,https://al.fanza.co.jp/?lurl=https%3A%2F%2Fvideo.dmm.co.jp%2Fav%2Fcontent%2F%3Fid%3Dh_113ss00016&af_id=okd0405-990&ch=api,,,,セーラー服 / 素人 / 中出し / 女子校生 / めがね
46rgdr00151,46rgdr00151,digital,videoa,LOVE タイツEX3 本間ひろみ,2009-05-26 10:00:26,https://video.dmm.co.jp/av/content/?id=46rgdr00151,https://al.fanza.co.jp/?lurl=https%3A%2F%2Fvideo.dmm.co.jp%2Fav%2Fcontent%2F%3Fid%3D46rgdr00151&af_id=okd0405-990&ch=api,,,,その他フェチ / 指マン / 脚フェチ / 単体作品 / パンスト・タイツ
433std220,433std220,digital,videoa,ニューハーフ艶女 ゆか,2009-05-26 10:00:25,https://video.dmm.co.jp/av/content/?id=433std220,https://al.fanza.co.jp/?lurl=https%3A%2F%2Fvideo.dmm.co.jp%2Fav%2Fcontent%2F%3Fid%3D433std220&af_id=okd0405-990&ch=api,,,,ニューハーフ / 縛り・緊縛 / 和服・浴衣 / 手コキ
13mevd05,13mevd05,digital,videoa,瀬名えみりのアナルイキッパ！ 5,2009-05-26 10:00:24,https://video.dmm.co.jp/av/content/?id=13mevd05,https://al.fanza.co.jp/?lurl=https%3A%2F%2Fvideo.dmm.co.jp%2Fav%2Fcontent%2F%3Fid%3D13mevd05&af_id=okd0405-990&ch=api,,,,単体作品 / アナル / バイブ / 3P・4P / デジモ / パンスト・タイツ
h_113sh00011,h_113sh00011,digital,videoa,素人人妻生中出し 011 なお33歳,2009-05-26 10:00:21,https://video.dmm.co.jp/av/content/?id=h_113sh00011,https://al.fanza.co.jp/?lurl=https%3A%2F%2Fvideo.dmm.co.jp%2Fav%2Fcontent%2F%3Fid%3Dh_113sh00011&af_id=okd0405-990&ch=api,,,,人妻・主婦 / 素人 / 中出し / 職業色々
h_113sh00010,h_113sh00010,digital,videoa,素人人妻生中出し 010 けいこ34歳,2009-05-26 10:00:20,https://video.dmm.co.jp/av/content/?id=h_113sh00010,https://al.fanza.co.jp/?lurl=https%3A%2F%2Fvideo.dmm.co.jp%2Fav%2Fcontent%2F%3Fid%3Dh_113sh00010&af_id=okd0405-990&ch=api,,,,人妻・主婦 / 素人 / 中出し / 熟女
h_113sy00035,h_113sy00035,digital,videoa,素人四畳半生中出し 35,2009-05-26 10:00:19,https://video.dmm.co.jp/av/content/?id=h_113sy00035,https://al.fanza.co.jp/?lurl=https%3A%2F%2Fvideo.dmm.co.jp%2Fav%2Fcontent%2F%3Fid%3Dh_113sy00035&af_id=okd0405-990&ch=api,,,,人妻・主婦 / 素人 / 中出し / 電マ / 熟女
h_113sy00034,h_113sy00034,digital,videoa,素人四畳半生中出し 34,2009-05-26 10:00:18,https://video.dmm.co.jp/av/content/?id=h_113sy00034,https://al.fanza.co.jp/?lurl=https%3A%2F%2Fvideo.dmm.co.jp%2Fav%2Fcontent%2F%3Fid%3Dh_113sy00034&af_id=okd0405-990&ch=api,,,,人妻・主婦 / 素人 / 中出し / 騎乗位 / クンニ
h_113ol00123,h_113ol00123,digital,videoa,元祖 素人初撮り生中出し  飯●産業受付嬢女子社員,2009-05-26 10:00:17,https://video.dmm.co.jp/av/content/?id=h_113ol00123,https://al.fanza.co.jp/?lurl=https%3A%2F%2Fvideo.dmm.co.jp%2Fav%2Fcontent%2F%3Fid%3Dh_113ol00123&af_id=okd0405-990&ch=api,,,,職業色々 / 素人 / 中出し / 電マ / 騎乗位
h_113ol00122,h_113ol00122,digital,videoa,元祖 素人初撮り生中出し ニフ●ィ受付嬢女子社員,2009-05-26 10:00:16,https://video.dmm.co.jp/av/content/?id=h_113ol00122,https://al.fanza.co.jp/?lurl=https%3A%2F%2Fvideo.dmm.co.jp%2Fav%2Fcontent%2F%3Fid%3Dh_113ol00122&af_id=okd0405-990&ch=api,,,,職業色々 / 素人 / 中出し
h_101gs00337,h_101gs00337,digital,videoa,ハメをはずした人妻たち。 01,2009-05-26 10:00:15,https://video.dmm.co.jp/av/content/?id=h_101gs00337,https://al.fanza.co.jp/?lurl=https%3A%2F%2Fvideo.dmm.co.jp%2Fav%2Fcontent%2F%3Fid%3Dh_101gs00337&af_id=okd0405-990&ch=api,,,,不倫 / 人妻・主婦
h_113db00025,h_113db00025,digital,videoa,ブロンド（秘）おかずX 25,2009-05-26 10:00:14,https://video.dmm.co.jp/av/content/?id=h_113db00025,https://al.fanza.co.jp/?lurl=https%3A%2F%2Fvideo.dmm.co.jp%2Fav%2Fcontent%2F%3Fid%3Dh_113db00025&af_id=okd0405-990&ch=api,,,,洋ピン・海外輸入 / 乱交 / パンスト・タイツ / 素人 / 巨乳
h_113db00026,h_113db00026,digital,videoa,ブロンド（秘）おかずX 26,2009-05-26 10:00:13,https://video.dmm.co.jp/av/content/?id=h_113db00026,https://al.fanza.co.jp/?lurl=https%3A%2F%2Fvideo.dmm.co.jp%2Fav%2Fcontent%2F%3Fid%3Dh_113db00026&af_id=okd0405-990&ch=api,,,,3P・4P / レズビアン / 洋ピン・海外輸入 / 素人 / アナル
h_113ub00091,h_113ub00091,digital,videoa,裏ブロンド生ハメ 91,2009-05-26 10:00:12,https://video.dmm.co.jp/av/content/?id=h_113ub00091,https://al.fanza.co.jp/?lurl=https%3A%2F%2Fvideo.dmm.co.jp%2Fav%2Fcontent%2F%3Fid%3Dh_113ub00091&af_id=okd0405-990&ch=api,,,,3P・4P / アナル / 洋ピン・海外輸入 / クンニ / 逆ナン
h_113ub00092,h_113ub00092,digital,videoa,裏ブロンド生ハメ 92,2009-05-26 10:00:11,https://video.dmm.co.jp/av/content/?id=h_113ub00092,https://al.fanza.co.jp/?lurl=https%3A%2F%2Fvideo.dmm.co.jp%2Fav%2Fcontent%2F%3Fid%3Dh_113ub00092&af_id=okd0405-990&ch=api,,,,OL / 洋ピン・海外輸入 / 乱交 / レズビアン / バイブ
h_113wb00016,h_113wb00016,digital,videoa,世界の（激）ワイセツ娘 016,2009-05-26 10:00:10,https://video.dmm.co.jp/av/content/?id=h_113wb00016,https://al.fanza.co.jp/?lurl=https%3A%2F%2Fvideo.dmm.co.jp%2Fav%2Fcontent%2F%3Fid%3Dh_113wb00016&af_id=okd0405-990&ch=api,,,,レズビアン / 洋ピン・海外輸入 / 女子校生 / 素人
h_113wb00017,h_113wb00017,digital,videoa,世界の（激）ワイセツ娘 017,2009-05-26 10:00:09,https://video.dmm.co.jp/av/content/?id=h_113wb00017,https://al.fanza.co.jp/?lurl=https%3A%2F%2Fvideo.dmm.co.jp%2Fav%2Fcontent%2F%3Fid%3Dh_113wb00017&af_id=okd0405-990&ch=api,,,,3P・4P / 洋ピン・海外輸入 / 人妻・主婦 / 騎乗位
62daj00063,62daj00063,digital,videoa,緊縛 Deluxe PART3,2009-05-26 10:00:07,https://video.dmm.co.jp/av/content/?id=62daj00063,https://al.fanza.co.jp/?lurl=https%3A%2F%2Fvideo.dmm.co.jp%2Fav%2Fcontent%2F%3Fid%3D62daj00063&af_id=okd0405-990&ch=api,,,,縛り・緊縛 / 拘束 / SM / ベスト・総集編
104exmd00007,104exmd00007,digital,videoa,エクストラミセスバーチャ VOL.7 杉本まりえ,2009-05-26 10:00:06,https://video.dmm.co.jp/av/content/?id=104exmd00007,https://al.fanza.co.jp/?lurl=https%3A%2F%2Fvideo.dmm.co.jp%2Fav%2Fcontent%2F%3Fid%3D104exmd00007&af_id=okd0405-990&ch=api,,,,人妻・主婦 / 熟女 / 淫語 / ベスト・総集編 / オナニー / 単体作品
57mc00661,57mc00661,digital,videoa,私脱いだらスゴイんです 淫華爛漫編,2009-05-26 10:00:04,https://video.dmm.co.jp/av/content/?id=57mc00661,https://al.fanza.co.jp/?lurl=https%3A%2F%2Fvideo.dmm.co.jp%2Fav%2Fcontent%2F%3Fid%3D57mc00661&af_id=okd0405-990&ch=api,,,,フェラ / 熟女 / バイブ
41fcu00009,41fcu00009,digital,videoa,Sex Mix 5,2009-05-26 10:00:03,https://video.dmm.co.jp/av/content/?id=41fcu00009,https://al.fanza.co.jp/?lurl=https%3A%2F%2Fvideo.dmm.co.jp%2Fav%2Fcontent%2F%3Fid%3D41fcu00009&af_id=okd0405-990&ch=api,,,,ローション・オイル / 3P・4P / レズビアン
2god00049,2god00049,digital,videoa,アナタのオナニーたすけてアゲル かぐやひめ,2009-05-26 10:00:02,https://video.dmm.co.jp/av/content/?id=2god00049,https://al.fanza.co.jp/?lurl=https%3A%2F%2Fvideo.dmm.co.jp%2Fav%2Fcontent%2F%3Fid%3D2god00049&af_id=okd0405-990&ch=api,,,,オナニー / 学生服 / ミニ系 / 女子校生 / 単体作品 / 女優ベスト・総集編
181dse00422,181dse00422,digital,videoa,熟女家政婦 神咲ゆうか,2009-05-26 10:00:01,https://video.dmm.co.jp/av/content/?id=181dse00422,https://al.fanza.co.jp/?lurl=https%3A%2F%2Fvideo.dmm.co.jp%2Fav%2Fcontent%2F%3Fid%3D181dse00422&af_id=okd0405-990&ch=api,,,,単体作品 / 熟女 / 職業色々 / シックスナイン
ujqx001,ujqx001,digital,videoa,三十路・四十路女盛り美熟女限定中出し！,2009-05-26 10:00:00,https://video.dmm.co.jp/av/content/?id=ujqx001,https://al.fanza.co.jp/?lurl=https%3A%2F%2Fvideo.dmm.co.jp%2Fav%2Fcontent%2F%3Fid%3Dujqx001&af_id=okd0405-990&ch=api,,,,インディーズ / 4時間以上作品 / 中出し / 熟女
opud00073,opud00073,digital,videoa,衝撃デビュー！奇跡の最強射精シーメール リコ,2009-05-25 10:00:50,https://video.dmm.co.jp/av/content/?id=opud00073,https://al.fanza.co.jp/?lurl=https%3A%2F%2Fvideo.dmm.co.jp%2Fav%2Fcontent%2F%3Fid%3Dopud00073&af_id=okd0405-990&ch=api,,,,単体作品 / 独占配信 / ニューハーフ / 中出し / デジモ / デビュー作品
bbi00043,bbi00043,digital,videoa,NEW ARRIVAL あゆむ,2009-05-25 10:00:49,https://video.dmm.co.jp/av/content/?id=bbi00043,https://al.fanza.co.jp/?lurl=https%3A%2F%2Fvideo.dmm.co.jp%2Fav%2Fcontent%2F%3Fid%3Dbbi00043&af_id=okd0405-990&ch=api,,,,単体作品 / 独占配信 / 拘束 / 騎乗位 / 3P・4P / 顔射 / 指マン
jufd00064,jufd00064,digital,videoa,悶絶美熟女の卑猥な日常 コンビニエンスストアの巨乳パート妻、ゆみの場合 風間ゆみ,2009-05-25 10:00:48,https://video.dmm.co.jp/av/content/?id=jufd00064,https://al.fanza.co.jp/?lurl=https%3A%2F%2Fvideo.dmm.co.jp%2Fav%2Fcontent%2F%3Fid%3Djufd00064&af_id=okd0405-990&ch=api,,,,熟女 / 人妻・主婦 / 巨乳 / 騎乗位 / デジモ / 独占配信 / 単体作品
kawd00194,kawd00194,digital,videoa,私を大人にして下さい。 横山美雪,2009-05-25 10:00:47,https://video.dmm.co.jp/av/content/?id=kawd00194,https://al.fanza.co.jp/?lurl=https%3A%2F%2Fvideo.dmm.co.jp%2Fav%2Fcontent%2F%3Fid%3Dkawd00194&af_id=okd0405-990&ch=api,,,,セーラー服 / 騎乗位 / 3P・4P / デジモ / 独占配信 / 単体作品
bbi00044,bbi00044,digital,videoa,極上ボディFUCK！ 浅乃ハルミ,2009-05-25 10:00:46,https://video.dmm.co.jp/av/content/?id=bbi00044,https://al.fanza.co.jp/?lurl=https%3A%2F%2Fvideo.dmm.co.jp%2Fav%2Fcontent%2F%3Fid%3Dbbi00044&af_id=okd0405-990&ch=api,,,,単体作品 / 独占配信 / ハメ撮り / 巨乳 / 騎乗位 / パイズリ / 3P・4P
juc00084,juc00084,digital,videoa,美熟女レズビアン ～禁じられた過去の記憶～ 翔田千里 牧原れい子,2009-05-25 10:00:45,https://video.dmm.co.jp/av/content/?id=juc00084,https://al.fanza.co.jp/?lurl=https%3A%2F%2Fvideo.dmm.co.jp%2Fav%2Fcontent%2F%3Fid%3Djuc00084&af_id=okd0405-990&ch=api,,,,熟女 / レズビアン / シックスナイン / デジモ / 独占配信
kawd00198,kawd00198,digital,videoa,kawaii* kawaii girl 29 みゆ,2009-05-25 10:00:44,https://video.dmm.co.jp/av/content/?id=kawd00198,https://al.fanza.co.jp/?lurl=https%3A%2F%2Fvideo.dmm.co.jp%2Fav%2Fcontent%2F%3Fid%3Dkawd00198&af_id=okd0405-990&ch=api,,,,拘束 / ごっくん / 3P・4P / デジモ / 独占配信
snyd00045,snyd00045,digital,videoa,Huge Neo いおり 130cm－Ocup,2009-05-25 10:00:43,https://video.dmm.co.jp/av/content/?id=snyd00045,https://al.fanza.co.jp/?lurl=https%3A%2F%2Fvideo.dmm.co.jp%2Fav%2Fcontent%2F%3Fid%3Dsnyd00045&af_id=okd0405-990&ch=api,,,,巨乳 / ぽっちゃり / 騎乗位 / パイズリ / デジモ / 独占配信 / 単体作品
bbi00047,bbi00047,digital,videoa,密着性交ホテル 里美ゆりあ,2009-05-25 10:00:42,https://video.dmm.co.jp/av/content/?id=bbi00047,https://al.fanza.co.jp/?lurl=https%3A%2F%2Fvideo.dmm.co.jp%2Fav%2Fcontent%2F%3Fid%3Dbbi00047&af_id=okd0405-990&ch=api,,,,独占配信 / 拘束 / 単体作品 / 騎乗位 / シックスナイン
cov00047,cov00047,digital,videoa,寸止め！ 吉澤玲子,2009-05-25 10:00:41,https://video.dmm.co.jp/av/content/?id=cov00047,https://al.fanza.co.jp/?lurl=https%3A%2F%2Fvideo.dmm.co.jp%2Fav%2Fcontent%2F%3Fid%3Dcov00047&af_id=okd0405-990&ch=api,,,,ローション・オイル / イメージビデオ / 独占配信 / 単体作品
snyd00047,snyd00047,digital,videoa,人間凶器 廃人file.03 松下ゆうか,2009-05-25 10:00:40,https://video.dmm.co.jp/av/content/?id=snyd00047,https://al.fanza.co.jp/?lurl=https%3A%2F%2Fvideo.dmm.co.jp%2Fav%2Fcontent%2F%3Fid%3Dsnyd00047&af_id=okd0405-990&ch=api,,,,拘束 / 辱め / ごっくん / 飲尿 / デジモ / 独占配信 / 単体作品
kawd00199,kawd00199,digital,videoa,初めての、ショートカット 鈴木さとみ,2009-05-25 10:00:39,https://video.dmm.co.jp/av/content/?id=kawd00199,https://al.fanza.co.jp/?lurl=https%3A%2F%2Fvideo.dmm.co.jp%2Fav%2Fcontent%2F%3Fid%3Dkawd00199&af_id=okd0405-990&ch=api,,,,巨乳 / 騎乗位 / パイズリ / 指マン / デジモ / 独占配信 / 単体作品
bbi00048,bbi00048,digital,videoa,美女の欲望ムキ出しFUCK！ 藤本AYAY,2009-05-25 10:00:38,https://video.dmm.co.jp/av/content/?id=bbi00048,https://al.fanza.co.jp/?lurl=https%3A%2F%2Fvideo.dmm.co.jp%2Fav%2Fcontent%2F%3Fid%3Dbbi00048&af_id=okd0405-990&ch=api,,,,独占配信 / 単体作品 / 騎乗位 / 潮吹き / 3P・4P
juc00089,juc00089,digital,videoa,夫の友人 友田真希,2009-05-25 10:00:37,https://video.dmm.co.jp/av/content/?id=juc00089,https://al.fanza.co.jp/?lurl=https%3A%2F%2Fvideo.dmm.co.jp%2Fav%2Fcontent%2F%3Fid%3Djuc00089&af_id=okd0405-990&ch=api,,,,単体作品 / 独占配信 / 熟女 / 人妻・主婦 / シックスナイン / デジモ
kapd00019,kapd00019,digital,videoa,あきなの14400秒あげる 元井あきな,2009-05-25 10:00:36,https://video.dmm.co.jp/av/content/?id=kapd00019,https://al.fanza.co.jp/?lurl=https%3A%2F%2Fvideo.dmm.co.jp%2Fav%2Fcontent%2F%3Fid%3Dkapd00019&af_id=okd0405-990&ch=api,,,,単体作品 / 独占配信 / 3P・4P / 顔射 / 淫語 / ローション・オイル / デジモ
opud00074,opud00074,digital,videoa,つぼみvsW高身長シーメール,2009-05-25 10:00:35,https://video.dmm.co.jp/av/content/?id=opud00074,https://al.fanza.co.jp/?lurl=https%3A%2F%2Fvideo.dmm.co.jp%2Fav%2Fcontent%2F%3Fid%3Dopud00074&af_id=okd0405-990&ch=api,,,,クンニ / 長身 / ニューハーフ / 3P・4P / デジモ / 独占配信
kawd00197,kawd00197,digital,videoa,超舌フェラペチーノ 糸矢めい,2009-05-25 10:00:34,https://video.dmm.co.jp/av/content/?id=kawd00197,https://al.fanza.co.jp/?lurl=https%3A%2F%2Fvideo.dmm.co.jp%2Fav%2Fcontent%2F%3Fid%3Dkawd00197&af_id=okd0405-990&ch=api,,,,単体作品 / フェラ / 3P・4P / デジモ / 独占配信
dasd00077,dasd00077,digital,videoa,超絶ピストン子宮破壊 七瀬ジュリア,2009-05-25 10:00:33,https://video.dmm.co.jp/av/content/?id=dasd00077,https://al.fanza.co.jp/?lurl=https%3A%2F%2Fvideo.dmm.co.jp%2Fav%2Fcontent%2F%3Fid%3Ddasd00077&af_id=okd0405-990&ch=api,,,,単体作品 / 独占配信 / 騎乗位 / 3P・4P / 指マン / 拘束 / イラマチオ
juc00090,juc00090,digital,videoa,美熟女ソープ壺姫御殿 堀口奈津美,2009-05-25 10:00:32,https://video.dmm.co.jp/av/content/?id=juc00090,https://al.fanza.co.jp/?lurl=https%3A%2F%2Fvideo.dmm.co.jp%2Fav%2Fcontent%2F%3Fid%3Djuc00090&af_id=okd0405-990&ch=api,,,,熟女 / キャバ嬢・風俗嬢 / 騎乗位 / 足コキ / デジモ / 独占配信 / 単体作品
snyd00048,snyd00048,digital,videoa,Deep 小澤マリア,2009-05-25 10:00:30,https://video.dmm.co.jp/av/content/?id=snyd00048,https://al.fanza.co.jp/?lurl=https%3A%2F%2Fvideo.dmm.co.jp%2Fav%2Fcontent%2F%3Fid%3Dsnyd00048&af_id=okd0405-990&ch=api,,,,イラマチオ / その他フェチ / 騎乗位 / フェラ / デジモ / 独占配信 / 単体作品
dbt00014,dbt00014,digital,videoa,初撮り FILE14 KARIN,2009-05-25 10:00:29,https://video.dmm.co.jp/av/content/?id=dbt00014,https://al.fanza.co.jp/?lurl=https%3A%2F%2Fvideo.dmm.co.jp%2Fav%2Fcontent%2F%3Fid%3Ddbt00014&af_id=okd0405-990&ch=api,,,,独占配信 / 巨乳 / 騎乗位 / 顔射 / 指マン
jufd00065,jufd00065,digital,videoa,エロい美熟女の巨尻誘惑 酒井ちなみ,2009-05-25 10:00:27,https://video.dmm.co.jp/av/content/?id=jufd00065,https://al.fanza.co.jp/?lurl=https%3A%2F%2Fvideo.dmm.co.jp%2Fav%2Fcontent%2F%3Fid%3Djufd00065&af_id=okd0405-990&ch=api,,,,熟女 / 尻フェチ / 騎乗位 / デジモ / 独占配信 / 単体作品
kawd00196,kawd00196,digital,videoa,6つのコスチュームでセックchu☆ 内山遥,2009-05-25 10:00:26,https://video.dmm.co.jp/av/content/?id=kawd00196,https://al.fanza.co.jp/?lurl=https%3A%2F%2Fvideo.dmm.co.jp%2Fav%2Fcontent%2F%3Fid%3Dkawd00196&af_id=okd0405-990&ch=api,,,,単体作品 / 独占配信 / コスプレ / ごっくん / 3P・4P / デジモ
juc00088,juc00088,digital,videoa,愛する夫の目の前で… ～あなた、ごめんなさい～ 艶堂しほり,2009-05-25 10:00:25,https://video.dmm.co.jp/av/content/?id=juc00088,https://al.fanza.co.jp/?lurl=https%3A%2F%2Fvideo.dmm.co.jp%2Fav%2Fcontent%2F%3Fid%3Djuc00088&af_id=okd0405-990&ch=api,,,,熟女 / 人妻・主婦 / 3P・4P / デジモ / 独占配信 / 単体作品
snyd00049,snyd00049,digital,videoa,濡れたJK 辻さき,2009-05-25 10:00:24,https://video.dmm.co.jp/av/content/?id=snyd00049,https://al.fanza.co.jp/?lurl=https%3A%2F%2Fvideo.dmm.co.jp%2Fav%2Fcontent%2F%3Fid%3Dsnyd00049&af_id=okd0405-990&ch=api,,,,女子校生 / セーラー服 / ローション・オイル / デジモ / 独占配信 / 単体作品
dbt00013,dbt00013,digital,videoa,初撮り FILE13 IKUMI,2009-05-25 10:00:23,https://video.dmm.co.jp/av/content/?id=dbt00013,https://al.fanza.co.jp/?lurl=https%3A%2F%2Fvideo.dmm.co.jp%2Fav%2Fcontent%2F%3Fid%3Ddbt00013&af_id=okd0405-990&ch=api,,,,独占配信 / 潮吹き / 顔射 / パンスト・タイツ / バニーガール
kawd00195,kawd00195,digital,videoa,LOVE◆ドッピュン！！ メガ顔射スペシャル！ 愛斗ゆうき,2009-05-25 10:00:22,https://video.dmm.co.jp/av/content/?id=kawd00195,https://al.fanza.co.jp/?lurl=https%3A%2F%2Fvideo.dmm.co.jp%2Fav%2Fcontent%2F%3Fid%3Dkawd00195&af_id=okd0405-990&ch=api,,,,潮吹き / 3P・4P / 顔射 / 指マン / デジモ / 独占配信 / 単体作品
dasd00078,dasd00078,digital,videoa,強●絶頂アクメ奴● 乙音奈々,2009-05-25 10:00:20,https://video.dmm.co.jp/av/content/?id=dasd00078,https://al.fanza.co.jp/?lurl=https%3A%2F%2Fvideo.dmm.co.jp%2Fav%2Fcontent%2F%3Fid%3Ddasd00078&af_id=okd0405-990&ch=api,,,,単体作品 / 独占配信 / 拘束 / 辱め / 騎乗位 / 3P・4P
rexd00121,rexd00121,digital,videoa,レッド突撃隊増刊号！ 桃と牛乳のアンケートと称して桃尻とお乳とことん揉ませて吸わせてくださ～い！ 48人,2009-05-25 10:00:19,https://video.dmm.co.jp/av/content/?id=rexd00121,https://al.fanza.co.jp/?lurl=https%3A%2F%2Fvideo.dmm.co.jp%2Fav%2Fcontent%2F%3Fid%3Drexd00121&af_id=okd0405-990&ch=api,,,,独占配信 / 企画 / 野外・露出 / 素人
bbi00049,bbi00049,digital,videoa,極上発情騎乗 松生彩,2009-05-25 10:00:18,https://video.dmm.co.jp/av/content/?id=bbi00049,https://al.fanza.co.jp/?lurl=https%3A%2F%2Fvideo.dmm.co.jp%2Fav%2Fcontent%2F%3Fid%3Dbbi00049&af_id=okd0405-990&ch=api,,,,単体作品 / 独占配信 / 騎乗位 / 手コキ / 潮吹き / 3P・4P / 淫語
juc00092,juc00092,digital,videoa,犯●れた義姉 山口珠理,2009-05-25 10:00:17,https://video.dmm.co.jp/av/content/?id=juc00092,https://al.fanza.co.jp/?lurl=https%3A%2F%2Fvideo.dmm.co.jp%2Fav%2Fcontent%2F%3Fid%3Djuc00092&af_id=okd0405-990&ch=api,,,,熟女 / 人妻・主婦 / 顔射 / デジモ / 独占配信 / 単体作品
tash00016,tash00016,digital,videoa,市営住宅エレベーター人妻レ●プ防犯カメラ映像,2009-05-25 10:00:15,https://video.dmm.co.jp/av/content/?id=tash00016,https://al.fanza.co.jp/?lurl=https%3A%2F%2Fvideo.dmm.co.jp%2Fav%2Fcontent%2F%3Fid%3Dtash00016&af_id=okd0405-990&ch=api,,,,辱め / 人妻・主婦 / 指マン / 独占配信
kwbd00029,kwbd00029,digital,videoa,kawaii*美少女100セックchu◆8時間,2009-05-25 10:00:14,https://video.dmm.co.jp/av/content/?id=kwbd00029,https://al.fanza.co.jp/?lurl=https%3A%2F%2Fvideo.dmm.co.jp%2Fav%2Fcontent%2F%3Fid%3Dkwbd00029&af_id=okd0405-990&ch=api,,,,独占配信 / 美少女 / 騎乗位 / ベスト・総集編 / デジモ
emaz00009,emaz00009,digital,videoa,第二回 催●熟女合コン～正気を失った美熟女達の、大乱交パーティ～,2009-05-25 10:00:13,https://video.dmm.co.jp/av/content/?id=emaz00009,https://al.fanza.co.jp/?lurl=https%3A%2F%2Fvideo.dmm.co.jp%2Fav%2Fcontent%2F%3Fid%3Demaz00009&af_id=okd0405-990&ch=api,,,,騎乗位 / 乱交 / 熟女 / エマニエル
bbi00045,bbi00045,digital,videoa,女子校生とセックスするぞ！！ 黒木アリサ,2009-05-25 10:00:12,https://video.dmm.co.jp/av/content/?id=bbi00045,https://al.fanza.co.jp/?lurl=https%3A%2F%2Fvideo.dmm.co.jp%2Fav%2Fcontent%2F%3Fid%3Dbbi00045&af_id=okd0405-990&ch=api,,,,単体作品 / 独占配信 / 顔射 / 制服 / 女子校生 / パイズリ / 3P・4P
jusd00204,jusd00204,digital,videoa,厳選！美熟女レ●プ総集編4時間,2009-05-25 10:00:11,https://video.dmm.co.jp/av/content/?id=jusd00204,https://al.fanza.co.jp/?lurl=https%3A%2F%2Fvideo.dmm.co.jp%2Fav%2Fcontent%2F%3Fid%3Djusd00204&af_id=okd0405-990&ch=api,,,,独占配信 / 熟女 / ベスト・総集編 / デジモ
juc00087,juc00087,digital,videoa,濡れ嫁・羞恥介護 ～義父の柔肌調教～ 川上ゆう,2009-05-25 10:00:10,https://video.dmm.co.jp/av/content/?id=juc00087,https://al.fanza.co.jp/?lurl=https%3A%2F%2Fvideo.dmm.co.jp%2Fav%2Fcontent%2F%3Fid%3Djuc00087&af_id=okd0405-990&ch=api,,,,人妻・主婦 / 騎乗位 / 3P・4P / 独占配信 / 単体作品 / デジモ
tash00019,tash00019,digital,videoa,S産婦人科医師Uのコレクション映像 産婦人科医師たちのイタズラ診察映像 7,2009-05-25 10:00:09,https://video.dmm.co.jp/av/content/?id=tash00019,https://al.fanza.co.jp/?lurl=https%3A%2F%2Fvideo.dmm.co.jp%2Fav%2Fcontent%2F%3Fid%3Dtash00019&af_id=okd0405-990&ch=api,,,,中出し / 指マン / 投稿 / イタズラ / 独占配信
tash00015,tash00015,digital,videoa,投稿レ●プ T県警事件番号XXXXX-XXXXX ペンション貸別荘・連続レ●プ事件映像,2009-05-25 10:00:08,https://video.dmm.co.jp/av/content/?id=tash00015,https://al.fanza.co.jp/?lurl=https%3A%2F%2Fvideo.dmm.co.jp%2Fav%2Fcontent%2F%3Fid%3Dtash00015&af_id=okd0405-990&ch=api,,,,3P・4P / 投稿 / 独占配信
rexd00120,rexd00120,digital,videoa,レッド突撃隊SP企画！ 突然ですが！チンポの先っちょ入れさせてくださ～い！ 24人,2009-05-25 10:00:07,https://video.dmm.co.jp/av/content/?id=rexd00120,https://al.fanza.co.jp/?lurl=https%3A%2F%2Fvideo.dmm.co.jp%2Fav%2Fcontent%2F%3Fid%3Drexd00120&af_id=okd0405-990&ch=api,,,,めがね / セーラー服 / 企画 / 素人 / 独占配信
post00023,post00023,digital,videoa,赤字倒産寸前！零細町工場奥さんのHな裏取引 3,2009-05-25 10:00:06,https://video.dmm.co.jp/av/content/?id=post00023,https://al.fanza.co.jp/?lurl=https%3A%2F%2Fvideo.dmm.co.jp%2Fav%2Fcontent%2F%3Fid%3Dpost00023&af_id=okd0405-990&ch=api,,,,人妻・主婦 / 騎乗位 / 投稿 / 独占配信
kwbd00028,kwbd00028,digital,videoa,kawaii*制服女子校生collection3 4時間,2009-05-25 10:00:05,https://video.dmm.co.jp/av/content/?id=kwbd00028,https://al.fanza.co.jp/?lurl=https%3A%2F%2Fvideo.dmm.co.jp%2Fav%2Fcontent%2F%3Fid%3Dkwbd00028&af_id=okd0405-990&ch=api,,,,独占配信 / 制服 / 女子校生 / ベスト・総集編 / デジモ
bbi00050,bbi00050,digital,videoa,やりすぎ女教師FUCK 瀬名アスカ,2009-05-25 10:00:04,https://video.dmm.co.jp/av/content/?id=bbi00050,https://al.fanza.co.jp/?lurl=https%3A%2F%2Fvideo.dmm.co.jp%2Fav%2Fcontent%2F%3Fid%3Dbbi00050&af_id=okd0405-990&ch=api,,,,単体作品 / 独占配信 / 手コキ / シックスナイン / 3P・4P / 女教師 / 騎乗位
jusd00205,jusd00205,digital,videoa,蔵出し！極選美熟女10人4時間,2009-05-25 10:00:02,https://video.dmm.co.jp/av/content/?id=jusd00205,https://al.fanza.co.jp/?lurl=https%3A%2F%2Fvideo.dmm.co.jp%2Fav%2Fcontent%2F%3Fid%3Djusd00205&af_id=okd0405-990&ch=api,,,,独占配信 / 熟女 / 騎乗位 / デジモ
zomd00059,zomd00059,digital,videoa,素人巨乳ブロンド娘4時間,2009-05-25 10:00:00,https://video.dmm.co.jp/av/content/?id=zomd00059,https://al.fanza.co.jp/?lurl=https%3A%2F%2Fvideo.dmm.co.jp%2Fav%2Fcontent%2F%3Fid%3Dzomd00059&af_id=okd0405-990&ch=api,,,,洋ピン・海外輸入 / 騎乗位 / 素人 / 白人女優 / 巨乳 / アナルセックス
zomd00058,zomd00058,digital,videoa,黒髪ロ○ータ断髪中出しアクメ,2009-05-25 10:00:00,https://video.dmm.co.jp/av/content/?id=zomd00058,https://al.fanza.co.jp/?lurl=https%3A%2F%2Fvideo.dmm.co.jp%2Fav%2Fcontent%2F%3Fid%3Dzomd00058&af_id=okd0405-990&ch=api,,,,単体作品 / 顔射 / 3P・4P / 中出し / ミニ系 / 辱め
ucxl001,ucxl001,digital,videoa,美人×糞 4時間,2009-05-25 10:00:00,https://video.dmm.co.jp/av/content/?id=ucxl001,https://al.fanza.co.jp/?lurl=https%3A%2F%2Fvideo.dmm.co.jp%2Fav%2Fcontent%2F%3Fid%3Ducxl001&af_id=okd0405-990&ch=api,,,,インディーズ / 脱糞 / スカトロ
tcd00021,tcd00021,digital,videoa,射精するニューハーフ女子校生 優奈ちゃん逆アナル三昧,2009-05-25 10:00:00,https://video.dmm.co.jp/av/content/?id=tcd00021,https://al.fanza.co.jp/?lurl=https%3A%2F%2Fvideo.dmm.co.jp%2Fav%2Fcontent%2F%3Fid%3Dtcd00021&af_id=okd0405-990&ch=api,,,,その他フェチ / ニューハーフ / 単体作品
tash00018,tash00018,digital,videoa,実録！O城址公園 ○校生のHな放課後盗撮 5,2009-05-25 10:00:00,https://video.dmm.co.jp/av/content/?id=tash00018,https://al.fanza.co.jp/?lurl=https%3A%2F%2Fvideo.dmm.co.jp%2Fav%2Fcontent%2F%3Fid%3Dtash00018&af_id=okd0405-990&ch=api,,,,制服 / 野外・露出 / 盗撮・のぞき / 投稿 / 独占配信
tash00017,tash00017,digital,videoa,東京都S区ピンサロ店長投稿 騙し面接！ キャバクラの応募で来たのに実態はピンサロでした…,2009-05-25 10:00:00,https://video.dmm.co.jp/av/content/?id=tash00017,https://al.fanza.co.jp/?lurl=https%3A%2F%2Fvideo.dmm.co.jp%2Fav%2Fcontent%2F%3Fid%3Dtash00017&af_id=okd0405-990&ch=api,,,,ギャル / フェラ / 投稿 / 独占配信
snyd00050,snyd00050,digital,videoa,人体実験 電マで女をぶっ壊す！,2009-05-25 10:00:00,https://video.dmm.co.jp/av/content/?id=snyd00050,https://al.fanza.co.jp/?lurl=https%3A%2F%2Fvideo.dmm.co.jp%2Fav%2Fcontent%2F%3Fid%3Dsnyd00050&af_id=okd0405-990&ch=api,,,,その他フェチ / ドキュメンタリー / 電マ / デジモ / 独占配信
snyd00046,snyd00046,digital,videoa,MEGA WOMAN ロッククライマー,2009-05-25 10:00:00,https://video.dmm.co.jp/av/content/?id=snyd00046,https://al.fanza.co.jp/?lurl=https%3A%2F%2Fvideo.dmm.co.jp%2Fav%2Fcontent%2F%3Fid%3Dsnyd00046&af_id=okd0405-990&ch=api,,,,デジモ / 騎乗位 / その他フェチ / 痴女 / 独占配信
sal00025,sal00025,digital,videoa,The Very BEST of 鈴木奈々,2009-05-25 10:00:00,https://video.dmm.co.jp/av/content/?id=sal00025,https://al.fanza.co.jp/?lurl=https%3A%2F%2Fvideo.dmm.co.jp%2Fav%2Fcontent%2F%3Fid%3Dsal00025&af_id=okd0405-990&ch=api,,,,単体作品 / 3P・4P / ニューハーフ / 女優ベスト・総集編
sal00024,sal00024,digital,videoa,欧米美麗ニューハーフ4時間 6,2009-05-25 10:00:00,https://video.dmm.co.jp/av/content/?id=sal00024,https://al.fanza.co.jp/?lurl=https%3A%2F%2Fvideo.dmm.co.jp%2Fav%2Fcontent%2F%3Fid%3Dsal00024&af_id=okd0405-990&ch=api,,,,3P・4P / 洋ピン・海外輸入 / ニューハーフ
rezd00028,rezd00028,digital,videoa,追跡ドキュメント！あの娘にオナニーさせる 誘発オナニー総集編,2009-05-25 10:00:00,https://video.dmm.co.jp/av/content/?id=rezd00028,https://al.fanza.co.jp/?lurl=https%3A%2F%2Fvideo.dmm.co.jp%2Fav%2Fcontent%2F%3Fid%3Drezd00028&af_id=okd0405-990&ch=api,,,,ドキュメンタリー / オナニー / ベスト・総集編 / 独占配信
post00022,post00022,digital,videoa,投稿者 徳川教諭 悪徳教師実態シリーズ 悪徳○校教師女子生徒処女喰いハメ撮り映像3,2009-05-25 10:00:00,https://video.dmm.co.jp/av/content/?id=post00022,https://al.fanza.co.jp/?lurl=https%3A%2F%2Fvideo.dmm.co.jp%2Fav%2Fcontent%2F%3Fid%3Dpost00022&af_id=okd0405-990&ch=api,,,,処女 / ハメ撮り / 投稿 / 独占配信
post00021,post00021,digital,videoa,芸能人が通う私立H学園指定開業医師より投稿 女子中○生・○校生の悩み相談 2,2009-05-25 10:00:00,https://video.dmm.co.jp/av/content/?id=post00021,https://al.fanza.co.jp/?lurl=https%3A%2F%2Fvideo.dmm.co.jp%2Fav%2Fcontent%2F%3Fid%3Dpost00021&af_id=okd0405-990&ch=api,,,,制服 / 女子校生 / 投稿 / 独占配信
post00020,post00020,digital,videoa,名門○稚園入学にまつわるお受験ママのHな裏取引 7,2009-05-25 10:00:00,https://video.dmm.co.jp/av/content/?id=post00020,https://al.fanza.co.jp/?lurl=https%3A%2F%2Fvideo.dmm.co.jp%2Fav%2Fcontent%2F%3Fid%3Dpost00020&af_id=okd0405-990&ch=api,,,,お母さん / 騎乗位 / 投稿 / 独占配信
post00019,post00019,digital,videoa,万引きGメン事件簿 万引き検挙された人妻たち 3,2009-05-25 10:00:00,https://video.dmm.co.jp/av/content/?id=post00019,https://al.fanza.co.jp/?lurl=https%3A%2F%2Fvideo.dmm.co.jp%2Fav%2Fcontent%2F%3Fid%3Dpost00019&af_id=okd0405-990&ch=api,,,,人妻・主婦 / 指マン / 投稿 / 独占配信
post00018,post00018,digital,videoa,不正乗車・キセルした女子校生にチンポ挿入お仕置き映像 5,2009-05-25 10:00:00,https://video.dmm.co.jp/av/content/?id=post00018,https://al.fanza.co.jp/?lurl=https%3A%2F%2Fvideo.dmm.co.jp%2Fav%2Fcontent%2F%3Fid%3Dpost00018&af_id=okd0405-990&ch=api,,,,女子校生 / セーラー服 / 投稿 / 独占配信
opsd00022,opsd00022,digital,videoa,最高女優の脱糞BEST2009,2009-05-25 10:00:00,https://video.dmm.co.jp/av/content/?id=opsd00022,https://al.fanza.co.jp/?lurl=https%3A%2F%2Fvideo.dmm.co.jp%2Fav%2Fcontent%2F%3Fid%3Dopsd00022&af_id=okd0405-990&ch=api,,,,独占配信 / スカトロ / 脱糞 / ベスト・総集編
nyy00008,nyy00008,digital,videoa,盗撮アングル 素人娘の隠撮部屋 潮吹き感度100倍●っ払い女子大生 玲 20才,2009-05-25 10:00:00,https://video.dmm.co.jp/av/content/?id=nyy00008,https://al.fanza.co.jp/?lurl=https%3A%2F%2Fvideo.dmm.co.jp%2Fav%2Fcontent%2F%3Fid%3Dnyy00008&af_id=okd0405-990&ch=api,,,,デジモ / 潮吹き / 素人 / 女子大生 / 盗撮・のぞき
nyy00007,nyy00007,digital,videoa,盗撮アングル 素人娘の隠撮部屋 潮吹き極上フェロモン！発情交尾！女子大生 沙里菜 22才,2009-05-25 10:00:00,https://video.dmm.co.jp/av/content/?id=nyy00007,https://al.fanza.co.jp/?lurl=https%3A%2F%2Fvideo.dmm.co.jp%2Fav%2Fcontent%2F%3Fid%3Dnyy00007&af_id=okd0405-990&ch=api,,,,デジモ / 潮吹き / 素人 / 女子大生 / 盗撮・のぞき
mang00003,mang00003,digital,videoa,恋妻 3,2009-05-25 10:00:00,https://video.dmm.co.jp/av/content/?id=mang00003,https://al.fanza.co.jp/?lurl=https%3A%2F%2Fvideo.dmm.co.jp%2Fav%2Fcontent%2F%3Fid%3Dmang00003&af_id=okd0405-990&ch=api,,,,ハメ撮り / 巨乳 / 人妻・主婦
mang00002,mang00002,digital,videoa,恋妻 2,2009-05-25 10:00:00,https://video.dmm.co.jp/av/content/?id=mang00002,https://al.fanza.co.jp/?lurl=https%3A%2F%2Fvideo.dmm.co.jp%2Fav%2Fcontent%2F%3Fid%3Dmang00002&af_id=okd0405-990&ch=api,,,,ハメ撮り / 指マン / 人妻・主婦 / 美乳
mang00001,mang00001,digital,videoa,恋妻 1,2009-05-25 10:00:00,https://video.dmm.co.jp/av/content/?id=mang00001,https://al.fanza.co.jp/?lurl=https%3A%2F%2Fvideo.dmm.co.jp%2Fav%2Fcontent%2F%3Fid%3Dmang00001&af_id=okd0405-990&ch=api,,,,ハメ撮り / 中出し / 騎乗位 / 人妻・主婦
jusd00206,jusd00206,digital,videoa,六十路熟女12人4時間,2009-05-25 10:00:00,https://video.dmm.co.jp/av/content/?id=jusd00206,https://al.fanza.co.jp/?lurl=https%3A%2F%2Fvideo.dmm.co.jp%2Fav%2Fcontent%2F%3Fid%3Djusd00206&af_id=okd0405-990&ch=api,,,,独占配信 / 熟女 / 騎乗位 / デジモ
juc00094,juc00094,digital,videoa,新・五十路の性 5,2009-05-25 10:00:00,https://video.dmm.co.jp/av/content/?id=juc00094,https://al.fanza.co.jp/?lurl=https%3A%2F%2Fvideo.dmm.co.jp%2Fav%2Fcontent%2F%3Fid%3Djuc00094&af_id=okd0405-990&ch=api,,,,熟女 / 潮吹き / シックスナイン / デジモ / 独占配信
juc00093,juc00093,digital,videoa,汗ダク！豊満熟女サウナ,2009-05-25 10:00:00,https://video.dmm.co.jp/av/content/?id=juc00093,https://al.fanza.co.jp/?lurl=https%3A%2F%2Fvideo.dmm.co.jp%2Fav%2Fcontent%2F%3Fid%3Djuc00093&af_id=okd0405-990&ch=api,,,,熟女 / 巨乳 / ぽっちゃり / パイズリ / デジモ / 独占配信
juc00091,juc00091,digital,videoa,となりの奥さん 夏木響子,2009-05-25 10:00:00,https://video.dmm.co.jp/av/content/?id=juc00091,https://al.fanza.co.jp/?lurl=https%3A%2F%2Fvideo.dmm.co.jp%2Fav%2Fcontent%2F%3Fid%3Djuc00091&af_id=okd0405-990&ch=api,,,,熟女 / 人妻・主婦 / 騎乗位 / 3P・4P / デジモ / 独占配信 / 単体作品
juc00086,juc00086,digital,videoa,彼女の母親 時越芙美江,2009-05-25 10:00:00,https://video.dmm.co.jp/av/content/?id=juc00086,https://al.fanza.co.jp/?lurl=https%3A%2F%2Fvideo.dmm.co.jp%2Fav%2Fcontent%2F%3Fid%3Djuc00086&af_id=okd0405-990&ch=api,,,,熟女 / 巨乳 / 騎乗位 / 顔射 / デジモ / 独占配信 / 単体作品
h_180sns00249,h_180sns00249,digital,videoa,整体指圧エステサロン 揉んで揉んで揉みまくるマッサージ盗撮 総集編,2009-05-25 10:00:00,https://video.dmm.co.jp/av/content/?id=h_180sns00249,https://al.fanza.co.jp/?lurl=https%3A%2F%2Fvideo.dmm.co.jp%2Fav%2Fcontent%2F%3Fid%3Dh_180sns00249&af_id=okd0405-990&ch=api,,,,マッサージ・リフレ / エステ / 電マ / 盗撮・のぞき / ベスト・総集編
h_180sns00248,h_180sns00248,digital,videoa,女子校生スク水トイレ指オナニー淫撮 2,2009-05-25 10:00:00,https://video.dmm.co.jp/av/content/?id=h_180sns00248,https://al.fanza.co.jp/?lurl=https%3A%2F%2Fvideo.dmm.co.jp%2Fav%2Fcontent%2F%3Fid%3Dh_180sns00248&af_id=okd0405-990&ch=api,,,,盗撮・のぞき / 女子校生 / 競泳・スクール水着 / オナニー
h_180sns00247,h_180sns00247,digital,videoa,美容外科豊胸手術前カウンセリング診察盗撮 6,2009-05-25 10:00:00,https://video.dmm.co.jp/av/content/?id=h_180sns00247,https://al.fanza.co.jp/?lurl=https%3A%2F%2Fvideo.dmm.co.jp%2Fav%2Fcontent%2F%3Fid%3Dh_180sns00247&af_id=okd0405-990&ch=api,,,,盗撮・のぞき / その他フェチ
h_180sns00246,h_180sns00246,digital,videoa,パンツお漏らし立ちション 4,2009-05-25 10:00:00,https://video.dmm.co.jp/av/content/?id=h_180sns00246,https://al.fanza.co.jp/?lurl=https%3A%2F%2Fvideo.dmm.co.jp%2Fav%2Fcontent%2F%3Fid%3Dh_180sns00246&af_id=okd0405-990&ch=api,,,,放尿・お漏らし / その他フェチ
h_180sns00245,h_180sns00245,digital,videoa,新人アイドルデビュー前エステサロン痩身マッサージ隠し撮り 1,2009-05-25 10:00:00,https://video.dmm.co.jp/av/content/?id=h_180sns00245,https://al.fanza.co.jp/?lurl=https%3A%2F%2Fvideo.dmm.co.jp%2Fav%2Fcontent%2F%3Fid%3Dh_180sns00245&af_id=okd0405-990&ch=api,,,,マッサージ・リフレ / エステ / 盗撮・のぞき / 電マ / スレンダー / 指マン
h_180sns00244,h_180sns00244,digital,videoa,哀れなセレブ妻の証拠テープ流出,2009-05-25 10:00:00,https://video.dmm.co.jp/av/content/?id=h_180sns00244,https://al.fanza.co.jp/?lurl=https%3A%2F%2Fvideo.dmm.co.jp%2Fav%2Fcontent%2F%3Fid%3Dh_180sns00244&af_id=okd0405-990&ch=api,,,,騎乗位 / 盗撮・のぞき / 人妻・主婦 / クンニ
h_180sns00243,h_180sns00243,digital,videoa,実録！エステサロンで美女達をいろんなアングルから盗み撮りしちゃいました,2009-05-25 10:00:00,https://video.dmm.co.jp/av/content/?id=h_180sns00243,https://al.fanza.co.jp/?lurl=https%3A%2F%2Fvideo.dmm.co.jp%2Fav%2Fcontent%2F%3Fid%3Dh_180sns00243&af_id=okd0405-990&ch=api,,,,エステ / 電マ / 盗撮・のぞき / 指マン
h_180sns00242,h_180sns00242,digital,videoa,隠し撮り目当てでランジェリーショップをオープンさせた筋金入りの盗撮愛好者から買い取った実録着替え盗撮 2,2009-05-25 10:00:00,https://video.dmm.co.jp/av/content/?id=h_180sns00242,https://al.fanza.co.jp/?lurl=https%3A%2F%2Fvideo.dmm.co.jp%2Fav%2Fcontent%2F%3Fid%3Dh_180sns00242&af_id=okd0405-990&ch=api,,,,盗撮・のぞき / 素人 / ランジェリー
h_180sns00241,h_180sns00241,digital,videoa,色々なパンティーから溢れ出るお漏らしオシッコする女の子たち,2009-05-25 10:00:00,https://video.dmm.co.jp/av/content/?id=h_180sns00241,https://al.fanza.co.jp/?lurl=https%3A%2F%2Fvideo.dmm.co.jp%2Fav%2Fcontent%2F%3Fid%3Dh_180sns00241&af_id=okd0405-990&ch=api,,,,その他フェチ / 素人 / 放尿・お漏らし
h_180sns00240,h_180sns00240,digital,videoa,秋葉原某雑居ビル 美少女メイド便所オナニー盗撮 3,2009-05-25 10:00:00,https://video.dmm.co.jp/av/content/?id=h_180sns00240,https://al.fanza.co.jp/?lurl=https%3A%2F%2Fvideo.dmm.co.jp%2Fav%2Fcontent%2F%3Fid%3Dh_180sns00240&af_id=okd0405-990&ch=api,,,,美少女 / 盗撮・のぞき / メイド / オナニー
h_180sns00239,h_180sns00239,digital,videoa,フェチパーツオタクこだわりのアングル 総集編,2009-05-25 10:00:00,https://video.dmm.co.jp/av/content/?id=h_180sns00239,https://al.fanza.co.jp/?lurl=https%3A%2F%2Fvideo.dmm.co.jp%2Fav%2Fcontent%2F%3Fid%3Dh_180sns00239&af_id=okd0405-990&ch=api,,,,ランジェリー / ベスト・総集編 / その他フェチ
h_180sns00238,h_180sns00238,digital,videoa,共同トイレで女子トイレを故障中にしてたら男子便所で立ちション便しちゃった娘限定盗撮,2009-05-25 10:00:00,https://video.dmm.co.jp/av/content/?id=h_180sns00238,https://al.fanza.co.jp/?lurl=https%3A%2F%2Fvideo.dmm.co.jp%2Fav%2Fcontent%2F%3Fid%3Dh_180sns00238&af_id=okd0405-990&ch=api,,,,その他フェチ / 盗撮・のぞき / 放尿・お漏らし
h_180sns00237,h_180sns00237,digital,videoa,シミ付・喰いこみ・ハミ毛 パンチラセレクション 総集編,2009-05-25 10:00:00,https://video.dmm.co.jp/av/content/?id=h_180sns00237,https://al.fanza.co.jp/?lurl=https%3A%2F%2Fvideo.dmm.co.jp%2Fav%2Fcontent%2F%3Fid%3Dh_180sns00237&af_id=okd0405-990&ch=api,,,,盗撮・のぞき / ベスト・総集編 / パンチラ
h_180sns00236,h_180sns00236,digital,videoa,某大手生命保険会社の女子トイレにレディコミがおいてあったら…盗撮 2,2009-05-25 10:00:00,https://video.dmm.co.jp/av/content/?id=h_180sns00236,https://al.fanza.co.jp/?lurl=https%3A%2F%2Fvideo.dmm.co.jp%2Fav%2Fcontent%2F%3Fid%3Dh_180sns00236&af_id=okd0405-990&ch=api,,,,その他フェチ / 盗撮・のぞき / 職業色々 / オナニー
h_180sns00235,h_180sns00235,digital,videoa,美容外科豊胸手術前カウンセリング診察盗撮 5,2009-05-25 10:00:00,https://video.dmm.co.jp/av/content/?id=h_180sns00235,https://al.fanza.co.jp/?lurl=https%3A%2F%2Fvideo.dmm.co.jp%2Fav%2Fcontent%2F%3Fid%3Dh_180sns00235&af_id=okd0405-990&ch=api,,,,盗撮・のぞき / その他フェチ
h_180sns00234,h_180sns00234,digital,videoa,キャバクラ更衣室盗撮 3,2009-05-25 10:00:00,https://video.dmm.co.jp/av/content/?id=h_180sns00234,https://al.fanza.co.jp/?lurl=https%3A%2F%2Fvideo.dmm.co.jp%2Fav%2Fcontent%2F%3Fid%3Dh_180sns00234&af_id=okd0405-990&ch=api,,,,盗撮・のぞき / キャバ嬢・風俗嬢
h_180sns00233,h_180sns00233,digital,videoa,リンパマッサージスクール無料体験説明会で実習を受けたらリンパの流れが良くなって感じすぎてイッちゃった女生徒盗撮 2,2009-05-25 10:00:00,https://video.dmm.co.jp/av/content/?id=h_180sns00233,https://al.fanza.co.jp/?lurl=https%3A%2F%2Fvideo.dmm.co.jp%2Fav%2Fcontent%2F%3Fid%3Dh_180sns00233&af_id=okd0405-990&ch=api,,,,マッサージ・リフレ / 電マ / 盗撮・のぞき / 指マン
h_180sns00232,h_180sns00232,digital,videoa,街角女子校生アンケートTバック接写逆さ撮り盗撮 2,2009-05-25 10:00:00,https://video.dmm.co.jp/av/content/?id=h_180sns00232,https://al.fanza.co.jp/?lurl=https%3A%2F%2Fvideo.dmm.co.jp%2Fav%2Fcontent%2F%3Fid%3Dh_180sns00232&af_id=okd0405-990&ch=api,,,,盗撮・のぞき / 女子校生 / パンチラ
h_180sns00231,h_180sns00231,digital,videoa,隠し撮り目当てでランジェリーショップをオープンさせた筋金入りの盗撮愛好者から買い取った実録着替え盗撮 1,2009-05-25 10:00:00,https://video.dmm.co.jp/av/content/?id=h_180sns00231,https://al.fanza.co.jp/?lurl=https%3A%2F%2Fvideo.dmm.co.jp%2Fav%2Fcontent%2F%3Fid%3Dh_180sns00231&af_id=okd0405-990&ch=api,,,,盗撮・のぞき / 素人 / ランジェリー
h_180sns00230,h_180sns00230,digital,videoa,思わず甘酸っぱい匂いが漂ってきそうな土手土手パンチラ盗撮,2009-05-25 10:00:00,https://video.dmm.co.jp/av/content/?id=h_180sns00230,https://al.fanza.co.jp/?lurl=https%3A%2F%2Fvideo.dmm.co.jp%2Fav%2Fcontent%2F%3Fid%3Dh_180sns00230&af_id=okd0405-990&ch=api,,,,ギャル / ミニスカ / 盗撮・のぞき / パンチラ
h_180sns00229,h_180sns00229,digital,videoa,マン喫におもちゃがあったら女の娘はどう反応するでしょうか！？ 2,2009-05-25 10:00:00,https://video.dmm.co.jp/av/content/?id=h_180sns00229,https://al.fanza.co.jp/?lurl=https%3A%2F%2Fvideo.dmm.co.jp%2Fav%2Fcontent%2F%3Fid%3Dh_180sns00229&af_id=okd0405-990&ch=api,,,,電マ / 盗撮・のぞき / 素人 / オナニー
h_180sns00228,h_180sns00228,digital,videoa,居酒屋トイレで悪酔いした挙句間違って男子トイレで片足あげて放物線を描きながら立ちション便する女 盗撮,2009-05-25 10:00:00,https://video.dmm.co.jp/av/content/?id=h_180sns00228,https://al.fanza.co.jp/?lurl=https%3A%2F%2Fvideo.dmm.co.jp%2Fav%2Fcontent%2F%3Fid%3Dh_180sns00228&af_id=okd0405-990&ch=api,,,,その他フェチ / 盗撮・のぞき / 放尿・お漏らし
h_180sns00227,h_180sns00227,digital,videoa,エステで本当にビックリするぐらい感じちゃう女ばっかり集めちゃいました。,2009-05-25 10:00:00,https://video.dmm.co.jp/av/content/?id=h_180sns00227,https://al.fanza.co.jp/?lurl=https%3A%2F%2Fvideo.dmm.co.jp%2Fav%2Fcontent%2F%3Fid%3Dh_180sns00227&af_id=okd0405-990&ch=api,,,,エステ / 盗撮・のぞき / 電マ / 指マン / その他フェチ
h_180sns00226,h_180sns00226,digital,videoa,某大手生命保険会社の女子トイレにレディコミがおいてあったら…盗撮 1,2009-05-25 10:00:00,https://video.dmm.co.jp/av/content/?id=h_180sns00226,https://al.fanza.co.jp/?lurl=https%3A%2F%2Fvideo.dmm.co.jp%2Fav%2Fcontent%2F%3Fid%3Dh_180sns00226&af_id=okd0405-990&ch=api,,,,盗撮・のぞき / 素人 / オナニー / OL
h_180sns00225,h_180sns00225,digital,videoa,彼氏のいない女たちが欲求不満に通う（秘）マッサージ店盗撮,2009-05-25 10:00:00,https://video.dmm.co.jp/av/content/?id=h_180sns00225,https://al.fanza.co.jp/?lurl=https%3A%2F%2Fvideo.dmm.co.jp%2Fav%2Fcontent%2F%3Fid%3Dh_180sns00225&af_id=okd0405-990&ch=api,,,,マッサージ・リフレ / 電マ / 盗撮・のぞき / 指マン
h_180sns00224,h_180sns00224,digital,videoa,社内盗撮 更衣室に仕掛けられた2台の盗撮カメラの着替え映像 2,2009-05-25 10:00:00,https://video.dmm.co.jp/av/content/?id=h_180sns00224,https://al.fanza.co.jp/?lurl=https%3A%2F%2Fvideo.dmm.co.jp%2Fav%2Fcontent%2F%3Fid%3Dh_180sns00224&af_id=okd0405-990&ch=api,,,,盗撮・のぞき / 素人 / ランジェリー
h_180sns00223,h_180sns00223,digital,videoa,看護士のパンティーを接写で盗撮するために入院した大バカ野郎の個人秘蔵テープ流出,2009-05-25 10:00:00,https://video.dmm.co.jp/av/content/?id=h_180sns00223,https://al.fanza.co.jp/?lurl=https%3A%2F%2Fvideo.dmm.co.jp%2Fav%2Fcontent%2F%3Fid%3Dh_180sns00223&af_id=okd0405-990&ch=api,,,,その他フェチ / 盗撮・のぞき / 看護婦・ナース / パンチラ
h_180sns00222,h_180sns00222,digital,videoa,リンパマッサージスクール無料体験説明会で実習を受けたらリンパの流れが良くなって感じすぎてイッちゃった女生徒盗撮 1,2009-05-25 10:00:00,https://video.dmm.co.jp/av/content/?id=h_180sns00222,https://al.fanza.co.jp/?lurl=https%3A%2F%2Fvideo.dmm.co.jp%2Fav%2Fcontent%2F%3Fid%3Dh_180sns00222&af_id=okd0405-990&ch=api,,,,マッサージ・リフレ / 盗撮・のぞき / 電マ / 指マン
h_180sns00221,h_180sns00221,digital,videoa,悪いことした少女にここぞとばかり悪戯する万引きGメンの実態盗撮 2,2009-05-25 10:00:00,https://video.dmm.co.jp/av/content/?id=h_180sns00221,https://al.fanza.co.jp/?lurl=https%3A%2F%2Fvideo.dmm.co.jp%2Fav%2Fcontent%2F%3Fid%3Dh_180sns00221&af_id=okd0405-990&ch=api,,,,盗撮・のぞき / 指マン
h_180sns00220,h_180sns00220,digital,videoa,人妻洗濯物干し胸チラ盗撮 4,2009-05-25 10:00:00,https://video.dmm.co.jp/av/content/?id=h_180sns00220,https://al.fanza.co.jp/?lurl=https%3A%2F%2Fvideo.dmm.co.jp%2Fav%2Fcontent%2F%3Fid%3Dh_180sns00220&af_id=okd0405-990&ch=api,,,,人妻・主婦 / 盗撮・のぞき / その他フェチ
h_180sns00219,h_180sns00219,digital,videoa,中○生が仮病を使って保健室のベッドでこっそりオナニーしちゃってる映像隠し撮り 2,2009-05-25 10:00:00,https://video.dmm.co.jp/av/content/?id=h_180sns00219,https://al.fanza.co.jp/?lurl=https%3A%2F%2Fvideo.dmm.co.jp%2Fav%2Fcontent%2F%3Fid%3Dh_180sns00219&af_id=okd0405-990&ch=api,,,,セーラー服 / 体操着・ブルマ / 盗撮・のぞき / オナニー
h_180sns00218,h_180sns00218,digital,videoa,今どきGALの小粋な立ちション便＆おもらし隠し撮り 2,2009-05-25 10:00:00,https://video.dmm.co.jp/av/content/?id=h_180sns00218,https://al.fanza.co.jp/?lurl=https%3A%2F%2Fvideo.dmm.co.jp%2Fav%2Fcontent%2F%3Fid%3Dh_180sns00218&af_id=okd0405-990&ch=api,,,,その他フェチ / 放尿・お漏らし / 盗撮・のぞき / ギャル
h_180sns00217,h_180sns00217,digital,videoa,完全盗撮 拘束指圧マッサージ240分,2009-05-25 10:00:00,https://video.dmm.co.jp/av/content/?id=h_180sns00217,https://al.fanza.co.jp/?lurl=https%3A%2F%2Fvideo.dmm.co.jp%2Fav%2Fcontent%2F%3Fid%3Dh_180sns00217&af_id=okd0405-990&ch=api,,,,マッサージ・リフレ / 電マ / 指マン / 盗撮・のぞき / 拘束
h_180sns00216,h_180sns00216,digital,videoa,タイ古式マッサージ盗撮 2,2009-05-25 10:00:00,https://video.dmm.co.jp/av/content/?id=h_180sns00216,https://al.fanza.co.jp/?lurl=https%3A%2F%2Fvideo.dmm.co.jp%2Fav%2Fcontent%2F%3Fid%3Dh_180sns00216&af_id=okd0405-990&ch=api,,,,マッサージ・リフレ / 盗撮・のぞき / 電マ / 指マン
h_180sns00215,h_180sns00215,digital,videoa,マン喫におもちゃがあったら女の娘はどう反応するでしょうか！？ 1,2009-05-25 10:00:00,https://video.dmm.co.jp/av/content/?id=h_180sns00215,https://al.fanza.co.jp/?lurl=https%3A%2F%2Fvideo.dmm.co.jp%2Fav%2Fcontent%2F%3Fid%3Dh_180sns00215&af_id=okd0405-990&ch=api,,,,盗撮・のぞき / 素人 / おもちゃ / オナニー
h_180sns00214,h_180sns00214,digital,videoa,社内盗撮 更衣室に仕掛けられた2台の盗撮カメラの着替え映像 1,2009-05-25 10:00:00,https://video.dmm.co.jp/av/content/?id=h_180sns00214,https://al.fanza.co.jp/?lurl=https%3A%2F%2Fvideo.dmm.co.jp%2Fav%2Fcontent%2F%3Fid%3Dh_180sns00214&af_id=okd0405-990&ch=api,,,,その他フェチ / 盗撮・のぞき / ランジェリー
h_125mo00905,h_125mo00905,digital,videoa,某信用金庫営業マン投稿！靴屋編 卑劣パンチラ盗撮！ 5,2009-05-25 10:00:00,https://video.dmm.co.jp/av/content/?id=h_125mo00905,https://al.fanza.co.jp/?lurl=https%3A%2F%2Fvideo.dmm.co.jp%2Fav%2Fcontent%2F%3Fid%3Dh_125mo00905&af_id=okd0405-990&ch=api,,,,盗撮・のぞき / 素人 / パンチラ
h_102nsps00028,h_102nsps00028,digital,videoa,ねっとり卑猥に抱き合って… 思い出レズ横丁,2009-05-25 10:00:00,https://video.dmm.co.jp/av/content/?id=h_102nsps00028,https://al.fanza.co.jp/?lurl=https%3A%2F%2Fvideo.dmm.co.jp%2Fav%2Fcontent%2F%3Fid%3Dh_102nsps00028&af_id=okd0405-990&ch=api,,,,ドラマ / レズビアン / 3P・4P / 熟女
h_102nsps00027,h_102nsps00027,digital,videoa,旦那にばれた！妻のセックス浮気現場,2009-05-25 10:00:00,https://video.dmm.co.jp/av/content/?id=h_102nsps00027,https://al.fanza.co.jp/?lurl=https%3A%2F%2Fvideo.dmm.co.jp%2Fav%2Fcontent%2F%3Fid%3Dh_102nsps00027&af_id=okd0405-990&ch=api,,,,ドラマ / 人妻・主婦 / 不倫
h_102nsps00026,h_102nsps00026,digital,videoa,世界で一番卑猥な接吻 3,2009-05-25 10:00:00,https://video.dmm.co.jp/av/content/?id=h_102nsps00026,https://al.fanza.co.jp/?lurl=https%3A%2F%2Fvideo.dmm.co.jp%2Fav%2Fcontent%2F%3Fid%3Dh_102nsps00026&af_id=okd0405-990&ch=api,,,,ドラマ / 和服・浴衣 / その他フェチ / キス・接吻
h_102nsps00025,h_102nsps00025,digital,videoa,卑猥な●き肉体 家出娘に群がるおやじたち,2009-05-25 10:00:00,https://video.dmm.co.jp/av/content/?id=h_102nsps00025,https://al.fanza.co.jp/?lurl=https%3A%2F%2Fvideo.dmm.co.jp%2Fav%2Fcontent%2F%3Fid%3Dh_102nsps00025&af_id=okd0405-990&ch=api,,,,ミニ系 / ドラマ / セーラー服 / 単体作品
h_066fax00202,h_066fax00202,digital,videoa,人生いろいろ SEXの匂い漂う女たち,2009-05-25 10:00:00,https://video.dmm.co.jp/av/content/?id=h_066fax00202,https://al.fanza.co.jp/?lurl=https%3A%2F%2Fvideo.dmm.co.jp%2Fav%2Fcontent%2F%3Fid%3Dh_066fax00202&af_id=okd0405-990&ch=api,,,,ドラマ / クンニ / 熟女 / 騎乗位 / 複数話
h_066fax00201,h_066fax00201,digital,videoa,力ずくでいい女を●す いばりくさった上司（女）/色っぽい弟の嫁/隣りに住む小生意気な女学生,2009-05-25 10:00:00,https://video.dmm.co.jp/av/content/?id=h_066fax00201,https://al.fanza.co.jp/?lurl=https%3A%2F%2Fvideo.dmm.co.jp%2Fav%2Fcontent%2F%3Fid%3Dh_066fax00201&af_id=okd0405-990&ch=api,,,,ドラマ / 複数話
h_066fax00200,h_066fax00200,digital,videoa,ゴムをはめないナマナマしい夫婦交換 のぞき 妻がやられている/夫がやっている 部屋2,2009-05-25 10:00:00,https://video.dmm.co.jp/av/content/?id=h_066fax00200,https://al.fanza.co.jp/?lurl=https%3A%2F%2Fvideo.dmm.co.jp%2Fav%2Fcontent%2F%3Fid%3Dh_066fax00200&af_id=okd0405-990&ch=api,,,,熟女 / 人妻・主婦 / ドラマ / 複数話
h_066ccxs00002,h_066ccxs00002,digital,videoa,プラチナ公式 BESTセレクションVOL.2,2009-05-25 10:00:00,https://video.dmm.co.jp/av/content/?id=h_066ccxs00002,https://al.fanza.co.jp/?lurl=https%3A%2F%2Fvideo.dmm.co.jp%2Fav%2Fcontent%2F%3Fid%3Dh_066ccxs00002&af_id=okd0405-990&ch=api,,,,ドラマ / ベスト・総集編 / 熟女 / 人妻・主婦
h_066ccx00077,h_066ccx00077,digital,videoa,欲望の罠 性・愛人～誘うオンナ～ 松下ゆうか 神崎レオナ,2009-05-25 10:00:00,https://video.dmm.co.jp/av/content/?id=h_066ccx00077,https://al.fanza.co.jp/?lurl=https%3A%2F%2Fvideo.dmm.co.jp%2Fav%2Fcontent%2F%3Fid%3Dh_066ccx00077&af_id=okd0405-990&ch=api,,,,ドラマ / クンニ / 秘書 / 3P・4P
godg00003,godg00003,digital,videoa,芸能事務所が経営するモデル・アイドル御用達 美少女オイルマッサージ盗撮 2,2009-05-25 10:00:00,https://video.dmm.co.jp/av/content/?id=godg00003,https://al.fanza.co.jp/?lurl=https%3A%2F%2Fvideo.dmm.co.jp%2Fav%2Fcontent%2F%3Fid%3Dgodg00003&af_id=okd0405-990&ch=api,,,,美少女 / その他フェチ / 盗撮・のぞき / 独占配信 / マッサージ・リフレ
emaz00008,emaz00008,digital,videoa,子離れできない小さなお母さん 明石洋子,2009-05-25 10:00:00,https://video.dmm.co.jp/av/content/?id=emaz00008,https://al.fanza.co.jp/?lurl=https%3A%2F%2Fvideo.dmm.co.jp%2Fav%2Fcontent%2F%3Fid%3Demaz00008&af_id=okd0405-990&ch=api,,,,騎乗位 / 熟女 / お母さん / 中出し / 近親相姦 / 単体作品 / エマニエル
emaz00007,emaz00007,digital,videoa,僕の自慢のオナニー大好き美乳お母さん 藤木ルイ,2009-05-25 10:00:00,https://video.dmm.co.jp/av/content/?id=emaz00007,https://al.fanza.co.jp/?lurl=https%3A%2F%2Fvideo.dmm.co.jp%2Fav%2Fcontent%2F%3Fid%3Demaz00007&af_id=okd0405-990&ch=api,,,,騎乗位 / お母さん / 美乳 / 近親相姦 / 中出し / 単体作品 / エマニエル
emax00006,emax00006,digital,videoa,人妻セレブ 淫dex vol.02,2009-05-25 10:00:00,https://video.dmm.co.jp/av/content/?id=emax00006,https://al.fanza.co.jp/?lurl=https%3A%2F%2Fvideo.dmm.co.jp%2Fav%2Fcontent%2F%3Fid%3Demax00006&af_id=okd0405-990&ch=api,,,,単体作品 / 騎乗位 / パンスト・タイツ / 人妻・主婦
emax00005,emax00005,digital,videoa,素人妻がハメ狂うとき vol.02,2009-05-25 10:00:00,https://video.dmm.co.jp/av/content/?id=emax00005,https://al.fanza.co.jp/?lurl=https%3A%2F%2Fvideo.dmm.co.jp%2Fav%2Fcontent%2F%3Fid%3Demax00005&af_id=okd0405-990&ch=api,,,,パンスト・タイツ / 素人 / 人妻・主婦
emas00005,emas00005,digital,videoa,艶妻たちの温泉レズ情事,2009-05-25 10:00:00,https://video.dmm.co.jp/av/content/?id=emas00005,https://al.fanza.co.jp/?lurl=https%3A%2F%2Fvideo.dmm.co.jp%2Fav%2Fcontent%2F%3Fid%3Demas00005&af_id=okd0405-990&ch=api,,,,レズビアン / 人妻・主婦 / 和服・浴衣 / 縛り・緊縛 / レズキス / 独占配信
emas00004,emas00004,digital,videoa,美熟女の徹底したフェチレズ,2009-05-25 10:00:00,https://video.dmm.co.jp/av/content/?id=emas00004,https://al.fanza.co.jp/?lurl=https%3A%2F%2Fvideo.dmm.co.jp%2Fav%2Fcontent%2F%3Fid%3Demas00004&af_id=okd0405-990&ch=api,,,,レズビアン / 熟女 / パンスト・タイツ / レズキス / 独占配信
emas00003,emas00003,digital,videoa,エロい熟女の巨尻,2009-05-25 10:00:00,https://video.dmm.co.jp/av/content/?id=emas00003,https://al.fanza.co.jp/?lurl=https%3A%2F%2Fvideo.dmm.co.jp%2Fav%2Fcontent%2F%3Fid%3Demas00003&af_id=okd0405-990&ch=api,,,,尻フェチ / 熟女 / 手コキ / ローション・オイル / 騎乗位 / 独占配信 / 単体作品
emas00002,emas00002,digital,videoa,絶対デカ乳熟女はドスケベです,2009-05-25 10:00:00,https://video.dmm.co.jp/av/content/?id=emas00002,https://al.fanza.co.jp/?lurl=https%3A%2F%2Fvideo.dmm.co.jp%2Fav%2Fcontent%2F%3Fid%3Demas00002&af_id=okd0405-990&ch=api,,,,巨乳 / 熟女 / パイズリ / 手コキ / 中出し / 独占配信 / 単体作品
emas00001,emas00001,digital,videoa,近親相姦 息子を痴女るいやらしい体をしたドスケベ熟女 翔田千里,2009-05-25 10:00:00,https://video.dmm.co.jp/av/content/?id=emas00001,https://al.fanza.co.jp/?lurl=https%3A%2F%2Fvideo.dmm.co.jp%2Fav%2Fcontent%2F%3Fid%3Demas00001&af_id=okd0405-990&ch=api,,,,近親相姦 / 熟女 / お母さん / 手コキ / 顔射 / 独占配信 / 単体作品
emaf00008,emaf00008,digital,videoa,艶戯相姦2～淫ら義母の甘く危険な肉罠～,2009-05-25 10:00:00,https://video.dmm.co.jp/av/content/?id=emaf00008,https://al.fanza.co.jp/?lurl=https%3A%2F%2Fvideo.dmm.co.jp%2Fav%2Fcontent%2F%3Fid%3Demaf00008&af_id=okd0405-990&ch=api,,,,エマニエル / 近親相姦 / 熟女
emaf00007,emaf00007,digital,videoa,はじめてはお義母さん～淫らな性の手ほどき～ 高坂保奈美,2009-05-25 10:00:00,https://video.dmm.co.jp/av/content/?id=emaf00007,https://al.fanza.co.jp/?lurl=https%3A%2F%2Fvideo.dmm.co.jp%2Fav%2Fcontent%2F%3Fid%3Demaf00007&af_id=okd0405-990&ch=api,,,,エマニエル / 単体作品 / 熟女 / 近親相姦 / 義母
emad00004,emad00004,digital,videoa,近親スワップ母子乱交4時間,2009-05-25 10:00:00,https://video.dmm.co.jp/av/content/?id=emad00004,https://al.fanza.co.jp/?lurl=https%3A%2F%2Fvideo.dmm.co.jp%2Fav%2Fcontent%2F%3Fid%3Demad00004&af_id=okd0405-990&ch=api,,,,熟女 / 近親相姦 / ドラマ / 乱交 / 騎乗位 / 独占配信 / エマニエル
dbt00016,dbt00016,digital,videoa,初撮り FILE16 MEI,2009-05-25 10:00:00,https://video.dmm.co.jp/av/content/?id=dbt00016,https://al.fanza.co.jp/?lurl=https%3A%2F%2Fvideo.dmm.co.jp%2Fav%2Fcontent%2F%3Fid%3Ddbt00016&af_id=okd0405-990&ch=api,,,,独占配信 / 指マン / 拘束 / 騎乗位
dbt00015,dbt00015,digital,videoa,初撮り FILE15 ROKA,2009-05-25 10:00:00,https://video.dmm.co.jp/av/content/?id=dbt00015,https://al.fanza.co.jp/?lurl=https%3A%2F%2Fvideo.dmm.co.jp%2Fav%2Fcontent%2F%3Fid%3Ddbt00015&af_id=okd0405-990&ch=api,,,,独占配信 / ギャル / 騎乗位 / 顔射 / 指マン
csv00001,csv00001,digital,videoa,キレイナセックス Value BOX7時間！,2009-05-25 10:00:00,https://video.dmm.co.jp/av/content/?id=csv00001,https://al.fanza.co.jp/?lurl=https%3A%2F%2Fvideo.dmm.co.jp%2Fav%2Fcontent%2F%3Fid%3Dcsv00001&af_id=okd0405-990&ch=api,,,,独占配信 / ベスト・総集編 / イメージビデオ / 巨乳
cov00046,cov00046,digital,videoa,女神の限界 森永ひよこ,2009-05-25 10:00:00,https://video.dmm.co.jp/av/content/?id=cov00046,https://al.fanza.co.jp/?lurl=https%3A%2F%2Fvideo.dmm.co.jp%2Fav%2Fcontent%2F%3Fid%3Dcov00046&af_id=okd0405-990&ch=api,,,,巨乳 / イメージビデオ / 独占配信 / 単体作品
apaa00041,apaa00041,digital,videoa,スゴ～く！制服の似合う素敵な娘 みお,2009-05-25 10:00:00,https://video.dmm.co.jp/av/content/?id=apaa00041,https://al.fanza.co.jp/?lurl=https%3A%2F%2Fvideo.dmm.co.jp%2Fav%2Fcontent%2F%3Fid%3Dapaa00041&af_id=okd0405-990&ch=api,,,,騎乗位 / 制服 / デジモ / ハメ撮り / 単体作品
amam00006,amam00006,digital,videoa,欲情素人COLLECTION vol.06,2009-05-25 10:00:00,https://video.dmm.co.jp/av/content/?id=amam00006,https://al.fanza.co.jp/?lurl=https%3A%2F%2Fvideo.dmm.co.jp%2Fav%2Fcontent%2F%3Fid%3Damam00006&af_id=okd0405-990&ch=api,,,,パンスト・タイツ / ギャル / ハメ撮り / 中出し / 素人
84rmild00576,84rmild00576,digital,videoa,初体験 ～ミリオン新人デビューコレクション～,2009-05-25 10:00:00,https://video.dmm.co.jp/av/content/?id=84rmild00576,https://al.fanza.co.jp/?lurl=https%3A%2F%2Fvideo.dmm.co.jp%2Fav%2Fcontent%2F%3Fid%3D84rmild00576&af_id=okd0405-990&ch=api,,,,デビュー作品 / ベスト・総集編 / 指マン / 野外・露出
60srxv00743,60srxv00743,digital,videoa,鬼ピストンで突きまくる 黒木アリサ,2009-05-25 10:00:00,https://video.dmm.co.jp/av/content/?id=60srxv00743,https://al.fanza.co.jp/?lurl=https%3A%2F%2Fvideo.dmm.co.jp%2Fav%2Fcontent%2F%3Fid%3D60srxv00743&af_id=okd0405-990&ch=api,,,,デジモ / 単体作品 / ハメ撮り / 巨乳 / 3P・4P
60srxv00742,60srxv00742,digital,videoa,制服狩り 鈴木ミント,2009-05-25 10:00:00,https://video.dmm.co.jp/av/content/?id=60srxv00742,https://al.fanza.co.jp/?lurl=https%3A%2F%2Fvideo.dmm.co.jp%2Fav%2Fcontent%2F%3Fid%3D60srxv00742&af_id=okd0405-990&ch=api,,,,デジモ / 看護婦・ナース / 単体作品
60srxv00741,60srxv00741,digital,videoa,美ッ痴！ 千堂まゆみ,2009-05-25 10:00:00,https://video.dmm.co.jp/av/content/?id=60srxv00741,https://al.fanza.co.jp/?lurl=https%3A%2F%2Fvideo.dmm.co.jp%2Fav%2Fcontent%2F%3Fid%3D60srxv00741&af_id=okd0405-990&ch=api,,,,デジモ / 単体作品 / 痴女 / パンスト・タイツ
60srxv00737,60srxv00737,digital,videoa,まりみは可愛いボクのペット,2009-05-25 10:00:00,https://video.dmm.co.jp/av/content/?id=60srxv00737,https://al.fanza.co.jp/?lurl=https%3A%2F%2Fvideo.dmm.co.jp%2Fav%2Fcontent%2F%3Fid%3D60srxv00737&af_id=okd0405-990&ch=api,,,,単体作品 / 騎乗位 / 指マン / コスプレ / デジモ
57ssgr00115,57ssgr00115,digital,videoa,激・羞恥責め企画！！ 彼氏や友人をガチ巻き込んでAV女優のプライバシーを破壊する！ 4時間,2009-05-25 10:00:00,https://video.dmm.co.jp/av/content/?id=57ssgr00115,https://al.fanza.co.jp/?lurl=https%3A%2F%2Fvideo.dmm.co.jp%2Fav%2Fcontent%2F%3Fid%3D57ssgr00115&af_id=okd0405-990&ch=api,,,,羞恥 / 企画 / ドキュメンタリー
57ssgr00114,57ssgr00114,digital,videoa,イキたいオンナの激オナニー 50人BEST 4時間,2009-05-25 10:00:00,https://video.dmm.co.jp/av/content/?id=57ssgr00114,https://al.fanza.co.jp/?lurl=https%3A%2F%2Fvideo.dmm.co.jp%2Fav%2Fcontent%2F%3Fid%3D57ssgr00114&af_id=okd0405-990&ch=api,,,,おもちゃ / ベスト・総集編 / オナニー
57mcdr00810,57mcdr00810,digital,videoa,職妻不倫,2009-05-25 10:00:00,https://video.dmm.co.jp/av/content/?id=57mcdr00810,https://al.fanza.co.jp/?lurl=https%3A%2F%2Fvideo.dmm.co.jp%2Fav%2Fcontent%2F%3Fid%3D57mcdr00810&af_id=okd0405-990&ch=api,,,,不倫 / 人妻・主婦 / 制服 / ハイビジョン
57mcdr00809,57mcdr00809,digital,videoa,団地妻 発情する淫乱妻たち,2009-05-25 10:00:00,https://video.dmm.co.jp/av/content/?id=57mcdr00809,https://al.fanza.co.jp/?lurl=https%3A%2F%2Fvideo.dmm.co.jp%2Fav%2Fcontent%2F%3Fid%3D57mcdr00809&af_id=okd0405-990&ch=api,,,,企画 / 人妻・主婦 / 巨乳 / ハイビジョン
57mashr00053,57mashr00053,digital,videoa,温泉旅館 夜●い大全集,2009-05-25 10:00:00,https://video.dmm.co.jp/av/content/?id=57mashr00053,https://al.fanza.co.jp/?lurl=https%3A%2F%2Fvideo.dmm.co.jp%2Fav%2Fcontent%2F%3Fid%3D57mashr00053&af_id=okd0405-990&ch=api,,,,和服・浴衣 / ベスト・総集編 / 巨乳 / 熟女
57jukr00062,57jukr00062,digital,videoa,実際に存在する出会い系サイトで淫乱素人を口説いて即ハメ！,2009-05-25 10:00:00,https://video.dmm.co.jp/av/content/?id=57jukr00062,https://al.fanza.co.jp/?lurl=https%3A%2F%2Fvideo.dmm.co.jp%2Fav%2Fcontent%2F%3Fid%3D57jukr00062&af_id=okd0405-990&ch=api,,,,職業色々 / ハイビジョン / 素人 / 人妻・主婦
57jukr00061,57jukr00061,digital,videoa,ガチンコ中出し！顔出し！人妻ナンパ ‘都内恵比寿ATMキャッシング編’,2009-05-25 10:00:00,https://video.dmm.co.jp/av/content/?id=57jukr00061,https://al.fanza.co.jp/?lurl=https%3A%2F%2Fvideo.dmm.co.jp%2Fav%2Fcontent%2F%3Fid%3D57jukr00061&af_id=okd0405-990&ch=api,,,,パイズリ / 人妻・主婦 / ナンパ / 中出し / ハイビジョン
57ddr00995,57ddr00995,digital,videoa,巨乳女子校生BEST 4時間,2009-05-25 10:00:00,https://video.dmm.co.jp/av/content/?id=57ddr00995,https://al.fanza.co.jp/?lurl=https%3A%2F%2Fvideo.dmm.co.jp%2Fav%2Fcontent%2F%3Fid%3D57ddr00995&af_id=okd0405-990&ch=api,,,,巨乳 / 女子校生 / 制服 / 巨乳フェチ / ハイビジョン
57ddr00993,57ddr00993,digital,videoa,誘惑女教師,2009-05-25 10:00:00,https://video.dmm.co.jp/av/content/?id=57ddr00993,https://al.fanza.co.jp/?lurl=https%3A%2F%2Fvideo.dmm.co.jp%2Fav%2Fcontent%2F%3Fid%3D57ddr00993&af_id=okd0405-990&ch=api,,,,ハイビジョン / 巨乳 / 女教師 / 痴女
49cadv112,49cadv112,digital,videoa,極選4時間 四十路マダム 2,2009-05-25 10:00:00,https://video.dmm.co.jp/av/content/?id=49cadv112,https://al.fanza.co.jp/?lurl=https%3A%2F%2Fvideo.dmm.co.jp%2Fav%2Fcontent%2F%3Fid%3D49cadv112&af_id=okd0405-990&ch=api,,,,人妻・主婦 / 騎乗位 / 3P・4P / ベスト・総集編 / 熟女
165sd00912,165sd00912,digital,videoa,9人の淫乱人妻！私の中に発射して！ 団地妻スペシャル！！生中出し8,2009-05-25 10:00:00,https://video.dmm.co.jp/av/content/?id=165sd00912,https://al.fanza.co.jp/?lurl=https%3A%2F%2Fvideo.dmm.co.jp%2Fav%2Fcontent%2F%3Fid%3D165sd00912&af_id=okd0405-990&ch=api,,,,騎乗位 / 中出し / 人妻・主婦
165sd00911,165sd00911,digital,videoa,巨乳人妻！デートクラブ突撃潜入リポート！,2009-05-25 10:00:00,https://video.dmm.co.jp/av/content/?id=165sd00911,https://al.fanza.co.jp/?lurl=https%3A%2F%2Fvideo.dmm.co.jp%2Fav%2Fcontent%2F%3Fid%3D165sd00911&af_id=okd0405-990&ch=api,,,,人妻・主婦 / 巨乳フェチ / パイズリ / 騎乗位 / 巨乳
165pas00040,165pas00040,digital,videoa,人妻熟女！本当にあった生保レディーの訪悶犯売 生中出し2,2009-05-25 10:00:00,https://video.dmm.co.jp/av/content/?id=165pas00040,https://al.fanza.co.jp/?lurl=https%3A%2F%2Fvideo.dmm.co.jp%2Fav%2Fcontent%2F%3Fid%3D165pas00040&af_id=okd0405-990&ch=api,,,,熟女 / 職業色々 / 人妻・主婦 / 中出し / 指マン
165pas00039,165pas00039,digital,videoa,レズビアン スペシャル,2009-05-25 10:00:00,https://video.dmm.co.jp/av/content/?id=165pas00039,https://al.fanza.co.jp/?lurl=https%3A%2F%2Fvideo.dmm.co.jp%2Fav%2Fcontent%2F%3Fid%3D165pas00039&af_id=okd0405-990&ch=api,,,,その他フェチ / レズビアン / ベスト・総集編 / シックスナイン / クンニ
165mgs00041,165mgs00041,digital,videoa,ギャル◆ナンパ！！ デラックス2 5時間,2009-05-25 10:00:00,https://video.dmm.co.jp/av/content/?id=165mgs00041,https://al.fanza.co.jp/?lurl=https%3A%2F%2Fvideo.dmm.co.jp%2Fav%2Fcontent%2F%3Fid%3D165mgs00041&af_id=okd0405-990&ch=api,,,,ベスト・総集編 / ギャル / ナンパ / 騎乗位 / 素人
164sbjd00070,164sbjd00070,digital,videoa,熟女のお仕事 働くお母さんたちの淫らな下半身,2009-05-25 10:00:00,https://video.dmm.co.jp/av/content/?id=164sbjd00070,https://al.fanza.co.jp/?lurl=https%3A%2F%2Fvideo.dmm.co.jp%2Fav%2Fcontent%2F%3Fid%3D164sbjd00070&af_id=okd0405-990&ch=api,,,,和服・浴衣 / 職業色々 / 女将・女主人 / 熟女
164sbjd00069,164sbjd00069,digital,videoa,水着熟女 原色ビキニ編,2009-05-25 10:00:00,https://video.dmm.co.jp/av/content/?id=164sbjd00069,https://al.fanza.co.jp/?lurl=https%3A%2F%2Fvideo.dmm.co.jp%2Fav%2Fcontent%2F%3Fid%3D164sbjd00069&af_id=okd0405-990&ch=api,,,,手コキ / 電マ / 水着 / 熟女 / 騎乗位
140c01121,140c01121,digital,videoa,＆Fashion 107 ‘Maya’,2009-05-25 10:00:00,https://video.dmm.co.jp/av/content/?id=140c01121,https://al.fanza.co.jp/?lurl=https%3A%2F%2Fvideo.dmm.co.jp%2Fav%2Fcontent%2F%3Fid%3D140c01121&af_id=okd0405-990&ch=api,,,,騎乗位 / 女子大生
104absd02,104absd02,digital,videoa,アジアン・ビューティ・シーメール VOL.2,2009-05-25 10:00:00,https://video.dmm.co.jp/av/content/?id=104absd02,https://al.fanza.co.jp/?lurl=https%3A%2F%2Fvideo.dmm.co.jp%2Fav%2Fcontent%2F%3Fid%3D104absd02&af_id=okd0405-990&ch=api,,,,フェラ / 乱交 / ハメ撮り / ニューハーフ
parat01185,parat01185,digital,videoa,フェラチオ美人エステティシャンは存在した！（2）～都内某メンズエステでは客をヌイてくれます！,2009-05-24 10:00:48,https://video.dmm.co.jp/av/content/?id=parat01185,https://al.fanza.co.jp/?lurl=https%3A%2F%2Fvideo.dmm.co.jp%2Fav%2Fcontent%2F%3Fid%3Dparat01185&af_id=okd0405-990&ch=api,,,,エステ / スレンダー / お姉さん / フェラ
17bkd00040,17bkd00040,digital,videoa,母子交尾 【那須塩原路】,2009-05-24 10:00:47,https://video.dmm.co.jp/av/content/?id=17bkd00040,https://al.fanza.co.jp/?lurl=https%3A%2F%2Fvideo.dmm.co.jp%2Fav%2Fcontent%2F%3Fid%3D17bkd00040&af_id=okd0405-990&ch=api,,,,お母さん / シックスナイン / 近親相姦 / 熟女 / 和服・浴衣 / 単体作品
h_240cc00186,h_240cc00186,digital,videoa,絶叫失神アクメ 松浦らん,2009-05-24 10:00:46,https://video.dmm.co.jp/av/content/?id=h_240cc00186,https://al.fanza.co.jp/?lurl=https%3A%2F%2Fvideo.dmm.co.jp%2Fav%2Fcontent%2F%3Fid%3Dh_240cc00186&af_id=okd0405-990&ch=api,,,,独占配信 / 拘束 / パイパン / 単体作品 / アナル / 3P・4P
49ekdv00040,49ekdv00040,digital,videoa,SOAP◆H 2,2009-05-24 10:00:45,https://video.dmm.co.jp/av/content/?id=49ekdv00040,https://al.fanza.co.jp/?lurl=https%3A%2F%2Fvideo.dmm.co.jp%2Fav%2Fcontent%2F%3Fid%3D49ekdv00040&af_id=okd0405-990&ch=api,,,,素人 / 巨乳 / ローション・オイル / パイズリ
47azrd00191,47azrd00191,digital,videoa,小西那奈が素人男性をエロ面接！ 男優オーディション×筆おろし,2009-05-24 10:00:44,https://video.dmm.co.jp/av/content/?id=47azrd00191,https://al.fanza.co.jp/?lurl=https%3A%2F%2Fvideo.dmm.co.jp%2Fav%2Fcontent%2F%3Fid%3D47azrd00191&af_id=okd0405-990&ch=api,,,,コスプレ / 単体作品 / キャバ嬢・風俗嬢 / 企画
parat01191,parat01191,digital,videoa,フリーマーケットのカワイイ女の子を口説いてハメよう！,2009-05-24 10:00:43,https://video.dmm.co.jp/av/content/?id=parat01191,https://al.fanza.co.jp/?lurl=https%3A%2F%2Fvideo.dmm.co.jp%2Fav%2Fcontent%2F%3Fid%3Dparat01191&af_id=okd0405-990&ch=api,,,,OL / 女子大生 / フェラ / 素人 / ナンパ
parat01194,parat01194,digital,videoa,ソープ嬢を癒してあげよう！～男たちの究極ご奉仕に本気でイキまくり！,2009-05-24 10:00:42,https://video.dmm.co.jp/av/content/?id=parat01194,https://al.fanza.co.jp/?lurl=https%3A%2F%2Fvideo.dmm.co.jp%2Fav%2Fcontent%2F%3Fid%3Dparat01194&af_id=okd0405-990&ch=api,,,,巨乳 / キャバ嬢・風俗嬢
17scd00035,17scd00035,digital,videoa,親友の母 青木りかこ,2009-05-24 10:00:39,https://video.dmm.co.jp/av/content/?id=17scd00035,https://al.fanza.co.jp/?lurl=https%3A%2F%2Fvideo.dmm.co.jp%2Fav%2Fcontent%2F%3Fid%3D17scd00035&af_id=okd0405-990&ch=api,,,,クンニ / 熟女 / 中出し / 単体作品
17scd00036,17scd00036,digital,videoa,親友の母 波木麗子,2009-05-24 10:00:38,https://video.dmm.co.jp/av/content/?id=17scd00036,https://al.fanza.co.jp/?lurl=https%3A%2F%2Fvideo.dmm.co.jp%2Fav%2Fcontent%2F%3Fid%3D17scd00036&af_id=okd0405-990&ch=api,,,,クンニ / 熟女 / 単体作品
h_240cc00184,h_240cc00184,digital,videoa,痙攣フィストファック拡張調教 浅井千尋,2009-05-24 10:00:37,https://video.dmm.co.jp/av/content/?id=h_240cc00184,https://al.fanza.co.jp/?lurl=https%3A%2F%2Fvideo.dmm.co.jp%2Fav%2Fcontent%2F%3Fid%3Dh_240cc00184&af_id=okd0405-990&ch=api,,,,独占配信 / 単体作品 / 拘束 / フィスト / その他フェチ
h_240cc00185,h_240cc00185,digital,videoa,虐●アナル奴● 大量浣腸責め12 上原まみ,2009-05-24 10:00:36,https://video.dmm.co.jp/av/content/?id=h_240cc00185,https://al.fanza.co.jp/?lurl=https%3A%2F%2Fvideo.dmm.co.jp%2Fav%2Fcontent%2F%3Fid%3Dh_240cc00185&af_id=okd0405-990&ch=api,,,,独占配信 / 拘束 / 単体作品 / アナル / 浣腸
483zsd00053,483zsd00053,digital,videoa,尻伝説 松下ゆうか,2009-05-24 10:00:35,https://video.dmm.co.jp/av/content/?id=483zsd00053,https://al.fanza.co.jp/?lurl=https%3A%2F%2Fvideo.dmm.co.jp%2Fav%2Fcontent%2F%3Fid%3D483zsd00053&af_id=okd0405-990&ch=api,,,,淫語 / 痴女 / 尻フェチ / 単体作品
47srnj00009,47srnj00009,digital,videoa,背徳熟母 真田友里,2009-05-24 10:00:34,https://video.dmm.co.jp/av/content/?id=47srnj00009,https://al.fanza.co.jp/?lurl=https%3A%2F%2Fvideo.dmm.co.jp%2Fav%2Fcontent%2F%3Fid%3D47srnj00009&af_id=okd0405-990&ch=api,,,,単体作品 / 熟女 / 未亡人 / 近親相姦
47srnj00010,47srnj00010,digital,videoa,背徳熟母 小川ひなの,2009-05-24 10:00:33,https://video.dmm.co.jp/av/content/?id=47srnj00010,https://al.fanza.co.jp/?lurl=https%3A%2F%2Fvideo.dmm.co.jp%2Fav%2Fcontent%2F%3Fid%3D47srnj00010&af_id=okd0405-990&ch=api,,,,近親相姦 / 熟女 / 妄想 / 単体作品
parat01192,parat01192,digital,videoa,実録！イケナイ奥さんの夜と昼（2）～愛の夫婦SEX、欲望の浮気SEX,2009-05-24 10:00:31,https://video.dmm.co.jp/av/content/?id=parat01192,https://al.fanza.co.jp/?lurl=https%3A%2F%2Fvideo.dmm.co.jp%2Fav%2Fcontent%2F%3Fid%3Dparat01192&af_id=okd0405-990&ch=api,,,,痴女 / 中出し / フェラ / 盗撮・のぞき / 人妻・主婦
parat01193,parat01193,digital,videoa,巨乳女を狙ってヤリまくる鬼畜陶芸教室があった！,2009-05-24 10:00:30,https://video.dmm.co.jp/av/content/?id=parat01193,https://al.fanza.co.jp/?lurl=https%3A%2F%2Fvideo.dmm.co.jp%2Fav%2Fcontent%2F%3Fid%3Dparat01193&af_id=okd0405-990&ch=api,,,,辱め / 拘束 / クンニ / 巨乳
149rd283r,149rd283r,digital,videoa,人妻不倫旅行 熟れた裸体を貪り尽くした16時間,2009-05-24 10:00:25,https://video.dmm.co.jp/av/content/?id=149rd283r,https://al.fanza.co.jp/?lurl=https%3A%2F%2Fvideo.dmm.co.jp%2Fav%2Fcontent%2F%3Fid%3D149rd283r&af_id=okd0405-990&ch=api,,,,和服・浴衣 / 指マン / 不倫 / 人妻・主婦
17okd00030,17okd00030,digital,videoa,初撮り五十路 永井サツキ,2009-05-24 10:00:24,https://video.dmm.co.jp/av/content/?id=17okd00030,https://al.fanza.co.jp/?lurl=https%3A%2F%2Fvideo.dmm.co.jp%2Fav%2Fcontent%2F%3Fid%3D17okd00030&af_id=okd0405-990&ch=api,,,,指マン / 熟女 / デビュー作品 / 単体作品
h_001mzgd00001,h_001mzgd00001,digital,videoa,牝犬志願 10人の奴●,2009-05-24 10:00:23,https://video.dmm.co.jp/av/content/?id=h_001mzgd00001,https://al.fanza.co.jp/?lurl=https%3A%2F%2Fvideo.dmm.co.jp%2Fav%2Fcontent%2F%3Fid%3Dh_001mzgd00001&af_id=okd0405-990&ch=api,,,,人妻・主婦 / 縛り・緊縛 / 野外・露出
h_021nps025,h_021nps025,digital,videoa,女監督ハルナの素人レズナンパ32,2009-05-24 10:00:20,https://video.dmm.co.jp/av/content/?id=h_021nps025,https://al.fanza.co.jp/?lurl=https%3A%2F%2Fvideo.dmm.co.jp%2Fav%2Fcontent%2F%3Fid%3Dh_021nps025&af_id=okd0405-990&ch=api,,,,素人 / レズビアン / ナンパ
h_046kbkd00469,h_046kbkd00469,digital,videoa,熟女逆ナンパ中出し騎乗位 戸越編,2009-05-24 10:00:19,https://video.dmm.co.jp/av/content/?id=h_046kbkd00469,https://al.fanza.co.jp/?lurl=https%3A%2F%2Fvideo.dmm.co.jp%2Fav%2Fcontent%2F%3Fid%3Dh_046kbkd00469&af_id=okd0405-990&ch=api,,,,逆ナン / 中出し / 熟女 / 騎乗位
41bndv00606,41bndv00606,digital,videoa,人気アイドル11人！！中出しドップリ4時間,2009-05-24 10:00:18,https://video.dmm.co.jp/av/content/?id=41bndv00606,https://al.fanza.co.jp/?lurl=https%3A%2F%2Fvideo.dmm.co.jp%2Fav%2Fcontent%2F%3Fid%3D41bndv00606&af_id=okd0405-990&ch=api,,,,3P・4P / 中出し / 騎乗位
140c01180,140c01180,digital,videoa,罪と罰 万引き女 ＃28 女子大生編・7,2009-05-24 10:00:17,https://video.dmm.co.jp/av/content/?id=140c01180,https://al.fanza.co.jp/?lurl=https%3A%2F%2Fvideo.dmm.co.jp%2Fav%2Fcontent%2F%3Fid%3D140c01180&af_id=okd0405-990&ch=api,,,,メイド / 女子大生
17bkd00039,17bkd00039,digital,videoa,母親上京物語 もうひとつの母子交尾 浅草編,2009-05-24 10:00:16,https://video.dmm.co.jp/av/content/?id=17bkd00039,https://al.fanza.co.jp/?lurl=https%3A%2F%2Fvideo.dmm.co.jp%2Fav%2Fcontent%2F%3Fid%3D17bkd00039&af_id=okd0405-990&ch=api,,,,お母さん / クンニ / 近親相姦 / 熟女 / 単体作品
17obd00025,17obd00025,digital,videoa,実録！近親相姦 巨乳お母さんの悩殺マッサージ 白石かおる,2009-05-24 10:00:15,https://video.dmm.co.jp/av/content/?id=17obd00025,https://al.fanza.co.jp/?lurl=https%3A%2F%2Fvideo.dmm.co.jp%2Fav%2Fcontent%2F%3Fid%3D17obd00025&af_id=okd0405-990&ch=api,,,,お母さん / 巨乳 / 巨乳フェチ / 近親相姦 / マッサージ・リフレ / 単体作品
txgl001,txgl001,digital,videoa,不法滞在黒人残虐レ●プ映像,2009-05-24 10:00:00,https://video.dmm.co.jp/av/content/?id=txgl001,https://al.fanza.co.jp/?lurl=https%3A%2F%2Fvideo.dmm.co.jp%2Fav%2Fcontent%2F%3Fid%3Dtxgl001&af_id=okd0405-990&ch=api,,,,インディーズ / 黒人男優
h_168sjml062,h_168sjml062,digital,videoa,ハーレム秘書奴●,2009-05-24 10:00:00,https://video.dmm.co.jp/av/content/?id=h_168sjml062,https://al.fanza.co.jp/?lurl=https%3A%2F%2Fvideo.dmm.co.jp%2Fav%2Fcontent%2F%3Fid%3Dh_168sjml062&af_id=okd0405-990&ch=api,,,,秘書 / 拘束 / パンスト・タイツ / 辱め / 放尿・お漏らし
h_101gs00306,h_101gs00306,digital,videoa,主婦援交～良妻賢母の裏バイト～ ［10］,2009-05-24 10:00:00,https://video.dmm.co.jp/av/content/?id=h_101gs00306,https://al.fanza.co.jp/?lurl=https%3A%2F%2Fvideo.dmm.co.jp%2Fav%2Fcontent%2F%3Fid%3Dh_101gs00306&af_id=okd0405-990&ch=api,,,,不倫 / 人妻・主婦
aa651,aa651,digital,videoa,AVアイドル伝説 藤崎みなみ,2009-05-24 10:00:00,https://video.dmm.co.jp/av/content/?id=aa651,https://al.fanza.co.jp/?lurl=https%3A%2F%2Fvideo.dmm.co.jp%2Fav%2Fcontent%2F%3Fid%3Daa651&af_id=okd0405-990&ch=api,,,,騎乗位 / 指マン / セーラー服 / ドキュメンタリー / クンニ / 単体作品
59hzm002,59hzm002,digital,videoa,づません ～妻専～ 4時間,2009-05-24 10:00:00,https://video.dmm.co.jp/av/content/?id=59hzm002,https://al.fanza.co.jp/?lurl=https%3A%2F%2Fvideo.dmm.co.jp%2Fav%2Fcontent%2F%3Fid%3D59hzm002&af_id=okd0405-990&ch=api,,,,ナンパ / ベスト・総集編 / 指マン / 人妻・主婦
57mc00658,57mc00658,digital,videoa,ガマンできない38歳 淫蜜悦態編,2009-05-24 10:00:00,https://video.dmm.co.jp/av/content/?id=57mc00658,https://al.fanza.co.jp/?lurl=https%3A%2F%2Fvideo.dmm.co.jp%2Fav%2Fcontent%2F%3Fid%3D57mc00658&af_id=okd0405-990&ch=api,,,,おもちゃ / 騎乗位 / 熟女
434lamf003,434lamf003,digital,videoa,快楽依存症のオンナ 「このオンナ、淫乱につき…。」,2009-05-24 10:00:00,https://video.dmm.co.jp/av/content/?id=434lamf003,https://al.fanza.co.jp/?lurl=https%3A%2F%2Fvideo.dmm.co.jp%2Fav%2Fcontent%2F%3Fid%3D434lamf003&af_id=okd0405-990&ch=api,,,,単体作品 / ボディコン / 淫乱・ハード系 / フェラ / オナニー / ハメ撮り
433tia202,433tia202,digital,videoa,ぽちゃぽちゃプリンセス・プリティ 大群！,2009-05-24 10:00:00,https://video.dmm.co.jp/av/content/?id=433tia202,https://al.fanza.co.jp/?lurl=https%3A%2F%2Fvideo.dmm.co.jp%2Fav%2Fcontent%2F%3Fid%3D433tia202&af_id=okd0405-990&ch=api,,,,巨乳 / 騎乗位 / ぽっちゃり / ベスト・総集編 / パイズリ
178scp009,178scp009,digital,videoa,痴態の部屋 1 風野ちか,2009-05-24 10:00:00,https://video.dmm.co.jp/av/content/?id=178scp009,https://al.fanza.co.jp/?lurl=https%3A%2F%2Fvideo.dmm.co.jp%2Fav%2Fcontent%2F%3Fid%3D178scp009&af_id=okd0405-990&ch=api,,,,羞恥 / 拘束 / 縛り・緊縛 / 単体作品
3nwf00267,3nwf00267,digital,videoa,THE 流出！ 君の過去をすべて暴露する！ 中里愛菜,2009-05-23 10:00:50,https://video.dmm.co.jp/av/content/?id=3nwf00267,https://al.fanza.co.jp/?lurl=https%3A%2F%2Fvideo.dmm.co.jp%2Fav%2Fcontent%2F%3Fid%3D3nwf00267&af_id=okd0405-990&ch=api,,,,顔射 / 中出し / 単体作品 / 制服
504ibw00133,504ibw00133,digital,videoa,中出し痴●バス女子校生 さくら結衣,2009-05-23 10:00:49,https://video.dmm.co.jp/av/content/?id=504ibw00133,https://al.fanza.co.jp/?lurl=https%3A%2F%2Fvideo.dmm.co.jp%2Fav%2Fcontent%2F%3Fid%3D504ibw00133&af_id=okd0405-990&ch=api,,,,女子校生 / 中出し / 辱め / 単体作品
49ekdv00041,49ekdv00041,digital,videoa,NON STOP ORGASM ポルチオエンドルフィン 無限絶頂,2009-05-23 10:00:48,https://video.dmm.co.jp/av/content/?id=49ekdv00041,https://al.fanza.co.jp/?lurl=https%3A%2F%2Fvideo.dmm.co.jp%2Fav%2Fcontent%2F%3Fid%3D49ekdv00041&af_id=okd0405-990&ch=api,,,,単体作品 / スレンダー / ポルチオ / 巨乳 / 電マ
h_172vgd038,h_172vgd038,digital,videoa,みんな大好き巨乳スチュワーデス ひかり,2009-05-23 10:00:47,https://video.dmm.co.jp/av/content/?id=h_172vgd038,https://al.fanza.co.jp/?lurl=https%3A%2F%2Fvideo.dmm.co.jp%2Fav%2Fcontent%2F%3Fid%3Dh_172vgd038&af_id=okd0405-990&ch=api,,,,単体作品 / 制服 / 巨乳 / パイズリ / スチュワーデス
78godr00269,78godr00269,digital,videoa,巨乳×美脚×生中出し 2,2009-05-23 10:00:46,https://video.dmm.co.jp/av/content/?id=78godr00269,https://al.fanza.co.jp/?lurl=https%3A%2F%2Fvideo.dmm.co.jp%2Fav%2Fcontent%2F%3Fid%3D78godr00269&af_id=okd0405-990&ch=api,,,,騎乗位 / 巨乳 / 中出し / 指マン
3www00104,3www00104,digital,videoa,millenium 可愛カナ,2009-05-23 10:00:44,https://video.dmm.co.jp/av/content/?id=3www00104,https://al.fanza.co.jp/?lurl=https%3A%2F%2Fvideo.dmm.co.jp%2Fav%2Fcontent%2F%3Fid%3D3www00104&af_id=okd0405-990&ch=api,,,,独占配信 / 単体作品 / 痴女 / ハメ撮り / 電マ / 手コキ
h_406jkfi00004,h_406jkfi00004,digital,videoa,JK・女子校生の放課後 センズリお手伝い フェラ編 1,2009-05-23 10:00:43,https://video.dmm.co.jp/av/content/?id=h_406jkfi00004,https://al.fanza.co.jp/?lurl=https%3A%2F%2Fvideo.dmm.co.jp%2Fav%2Fcontent%2F%3Fid%3Dh_406jkfi00004&af_id=okd0405-990&ch=api,,,,その他フェチ / フェラ / 女子校生 / 学生服
433gun00803,433gun00803,digital,videoa,巨乳 OR DIE RIRIA,2009-05-23 10:00:42,https://video.dmm.co.jp/av/content/?id=433gun00803,https://al.fanza.co.jp/?lurl=https%3A%2F%2Fvideo.dmm.co.jp%2Fav%2Fcontent%2F%3Fid%3D433gun00803&af_id=okd0405-990&ch=api,,,,巨乳 / 巨乳フェチ / ギャル / パイズリ
433tia00305,433tia00305,digital,videoa,女子大生のワキ毛 片山なつき,2009-05-23 10:00:41,https://video.dmm.co.jp/av/content/?id=433tia00305,https://al.fanza.co.jp/?lurl=https%3A%2F%2Fvideo.dmm.co.jp%2Fav%2Fcontent%2F%3Fid%3D433tia00305&af_id=okd0405-990&ch=api,,,,ランジェリー / その他フェチ / 女子大生 / 単体作品
3wrc00005,3wrc00005,digital,videoa,隣の奥さんは欲情変態美人妻 the BEST,2009-05-23 10:00:39,https://video.dmm.co.jp/av/content/?id=3wrc00005,https://al.fanza.co.jp/?lurl=https%3A%2F%2Fvideo.dmm.co.jp%2Fav%2Fcontent%2F%3Fid%3D3wrc00005&af_id=okd0405-990&ch=api,,,,独占配信 / 騎乗位 / 熟女 / シックスナイン / 人妻・主婦
436age00029,436age00029,digital,videoa,学生に後背位から挿れてみる。,2009-05-23 10:00:38,https://video.dmm.co.jp/av/content/?id=436age00029,https://al.fanza.co.jp/?lurl=https%3A%2F%2Fvideo.dmm.co.jp%2Fav%2Fcontent%2F%3Fid%3D436age00029&af_id=okd0405-990&ch=api,,,,女子校生 / 尻フェチ / 水着 / 学生服 / 潮吹き / 単体作品 / 妄想族
436age00030,436age00030,digital,videoa,丸の内OLは後背位からがヤバイ。,2009-05-23 10:00:37,https://video.dmm.co.jp/av/content/?id=436age00030,https://al.fanza.co.jp/?lurl=https%3A%2F%2Fvideo.dmm.co.jp%2Fav%2Fcontent%2F%3Fid%3D436age00030&af_id=okd0405-990&ch=api,,,,OL / バイブ / 尻フェチ / 潮吹き / 単体作品 / 妄想族
433gli00002,433gli00002,digital,videoa,狂い咲きオナニーフェラチオ妄想女 吉澤エリカ 20歳,2009-05-23 10:00:36,https://video.dmm.co.jp/av/content/?id=433gli00002,https://al.fanza.co.jp/?lurl=https%3A%2F%2Fvideo.dmm.co.jp%2Fav%2Fcontent%2F%3Fid%3D433gli00002&af_id=okd0405-990&ch=api,,,,バイブ / フェラ / 妄想 / オナニー / 単体作品
436rbbp00052,436rbbp00052,digital,videoa,デニムミニをおかずにヌキたい,2009-05-23 10:00:34,https://video.dmm.co.jp/av/content/?id=436rbbp00052,https://al.fanza.co.jp/?lurl=https%3A%2F%2Fvideo.dmm.co.jp%2Fav%2Fcontent%2F%3Fid%3D436rbbp00052&af_id=okd0405-990&ch=api,,,,電マ / 拘束 / ミニスカ / パンチラ
422base00019,422base00019,digital,videoa,錦●町のメイド喫茶には本場ア●バにはないサービスがあるらしい…。 Part.3 コスプレ夜●い編,2009-05-23 10:00:33,https://video.dmm.co.jp/av/content/?id=422base00019,https://al.fanza.co.jp/?lurl=https%3A%2F%2Fvideo.dmm.co.jp%2Fav%2Fcontent%2F%3Fid%3D422base00019&af_id=okd0405-990&ch=api,,,,クンニ / コスプレ / 手コキ / メイド / パイズリ
422dir00009,422dir00009,digital,videoa,アダルトビデオ撮影現場 へたれADのガチ盗撮,2009-05-23 10:00:32,https://video.dmm.co.jp/av/content/?id=422dir00009,https://al.fanza.co.jp/?lurl=https%3A%2F%2Fvideo.dmm.co.jp%2Fav%2Fcontent%2F%3Fid%3D422dir00009&af_id=okd0405-990&ch=api,,,,クンニ / 手コキ / 盗撮・のぞき / 騎乗位
h_189gifd00101,h_189gifd00101,digital,videoa,新・相姦生活はじめます。 真田友里,2009-05-23 10:00:31,https://video.dmm.co.jp/av/content/?id=h_189gifd00101,https://al.fanza.co.jp/?lurl=https%3A%2F%2Fvideo.dmm.co.jp%2Fav%2Fcontent%2F%3Fid%3Dh_189gifd00101&af_id=okd0405-990&ch=api,,,,単体作品 / 熟女 / 近親相姦 / シックスナイン
433gun00652,433gun00652,digital,videoa,ニューハーフしか愛せない 瑠華,2009-05-23 10:00:30,https://video.dmm.co.jp/av/content/?id=433gun00652,https://al.fanza.co.jp/?lurl=https%3A%2F%2Fvideo.dmm.co.jp%2Fav%2Fcontent%2F%3Fid%3D433gun00652&af_id=okd0405-990&ch=api,,,,ニューハーフ / ぶっかけ
h_189gifd00100,h_189gifd00100,digital,videoa,風俗店 熟年デビュー VOL.02,2009-05-23 10:00:26,https://video.dmm.co.jp/av/content/?id=h_189gifd00100,https://al.fanza.co.jp/?lurl=https%3A%2F%2Fvideo.dmm.co.jp%2Fav%2Fcontent%2F%3Fid%3Dh_189gifd00100&af_id=okd0405-990&ch=api,,,,騎乗位 / コスプレ / 人妻・主婦 / 熟女 / キャバ嬢・風俗嬢
h_189gifd00102,h_189gifd00102,digital,videoa,旦那の出世の為に上司に性癖を売る痴女奥様,2009-05-23 10:00:25,https://video.dmm.co.jp/av/content/?id=h_189gifd00102,https://al.fanza.co.jp/?lurl=https%3A%2F%2Fvideo.dmm.co.jp%2Fav%2Fcontent%2F%3Fid%3Dh_189gifd00102&af_id=okd0405-990&ch=api,,,,人妻・主婦 / 熟女 / 痴女
h_189gifd00103,h_189gifd00103,digital,videoa,美熟女のグリマンオナニー狂い ～フェロモンムンムン盗撮～,2009-05-23 10:00:24,https://video.dmm.co.jp/av/content/?id=h_189gifd00103,https://al.fanza.co.jp/?lurl=https%3A%2F%2Fvideo.dmm.co.jp%2Fav%2Fcontent%2F%3Fid%3Dh_189gifd00103&af_id=okd0405-990&ch=api,,,,オナニー / 熟女 / 人妻・主婦
433gcd00142,433gcd00142,digital,videoa,素人ナンパトイレ号がゆく 外伝 TOKYOガールズうんち17,2009-05-23 10:00:23,https://video.dmm.co.jp/av/content/?id=433gcd00142,https://al.fanza.co.jp/?lurl=https%3A%2F%2Fvideo.dmm.co.jp%2Fav%2Fcontent%2F%3Fid%3D433gcd00142&af_id=okd0405-990&ch=api,,,,脱糞 / ギャル / ナンパ / 素人
422lost00005,422lost00005,digital,videoa,ワタシ、飼われてます。-C級グラビアアイドル、ヒルズ族も驚愕の崖っぷち雌犬変態奇行-,2009-05-23 10:00:22,https://video.dmm.co.jp/av/content/?id=422lost00005,https://al.fanza.co.jp/?lurl=https%3A%2F%2Fvideo.dmm.co.jp%2Fav%2Fcontent%2F%3Fid%3D422lost00005&af_id=okd0405-990&ch=api,,,,電マ / 拘束 / 騎乗位 / ランジェリー
h_406boin00023,h_406boin00023,digital,videoa,巨乳・爆乳 THEおっぱい巨乳フェチスペシャル vol.1,2009-05-23 10:00:21,https://video.dmm.co.jp/av/content/?id=h_406boin00023,https://al.fanza.co.jp/?lurl=https%3A%2F%2Fvideo.dmm.co.jp%2Fav%2Fcontent%2F%3Fid%3Dh_406boin00023&af_id=okd0405-990&ch=api,,,,巨乳フェチ / 巨乳
h_406okas00021,h_406okas00021,digital,videoa,お母さんとの情事7 ～手コキ、フェラ、SEX編～,2009-05-23 10:00:20,https://video.dmm.co.jp/av/content/?id=h_406okas00021,https://al.fanza.co.jp/?lurl=https%3A%2F%2Fvideo.dmm.co.jp%2Fav%2Fcontent%2F%3Fid%3Dh_406okas00021&af_id=okd0405-990&ch=api,,,,お母さん / 手コキ / フェラ / 巨乳 / 熟女
433tko00003,433tko00003,digital,videoa,手コキはセックスより上級！ スケベなことで頭が一杯の男女なら一度はやったこっそり手コキ,2009-05-23 10:00:19,https://video.dmm.co.jp/av/content/?id=433tko00003,https://al.fanza.co.jp/?lurl=https%3A%2F%2Fvideo.dmm.co.jp%2Fav%2Fcontent%2F%3Fid%3D433tko00003&af_id=okd0405-990&ch=api,,,,職業色々 / 手コキ
433psd00203,433psd00203,digital,videoa,凄いおしっこ70発！,2009-05-23 10:00:18,https://video.dmm.co.jp/av/content/?id=433psd00203,https://al.fanza.co.jp/?lurl=https%3A%2F%2Fvideo.dmm.co.jp%2Fav%2Fcontent%2F%3Fid%3D433psd00203&af_id=okd0405-990&ch=api,,,,放尿・お漏らし / 飲尿 / その他フェチ
77crz00213,77crz00213,digital,videoa,マスカキ女 ふたなりチ○ポから本物精子ダス！ LOVEスペルマ編,2009-05-23 10:00:17,https://video.dmm.co.jp/av/content/?id=77crz00213,https://al.fanza.co.jp/?lurl=https%3A%2F%2Fvideo.dmm.co.jp%2Fav%2Fcontent%2F%3Fid%3D77crz00213&af_id=okd0405-990&ch=api,,,,その他フェチ / 手コキ / ふたなり
77fwd00907,77fwd00907,digital,videoa,露出フェラチオ 三部作 【第三部】究極の羞恥プレイ,2009-05-23 10:00:16,https://video.dmm.co.jp/av/content/?id=77fwd00907,https://al.fanza.co.jp/?lurl=https%3A%2F%2Fvideo.dmm.co.jp%2Fav%2Fcontent%2F%3Fid%3D77fwd00907&af_id=okd0405-990&ch=api,,,,羞恥 / フェラ / 野外・露出
77psi00102,77psi00102,digital,videoa,セルフ・ボンデージの女 竹内りな,2009-05-23 10:00:15,https://video.dmm.co.jp/av/content/?id=77psi00102,https://al.fanza.co.jp/?lurl=https%3A%2F%2Fvideo.dmm.co.jp%2Fav%2Fcontent%2F%3Fid%3D77psi00102&af_id=okd0405-990&ch=api,,,,SM / 野外・露出 / ボンテージ / 縛り・緊縛 / 単体作品
436rbon00026,436rbon00026,digital,videoa,盗撮 透明椅子 下からどうしてもパンツが見たい,2009-05-23 10:00:14,https://video.dmm.co.jp/av/content/?id=436rbon00026,https://al.fanza.co.jp/?lurl=https%3A%2F%2Fvideo.dmm.co.jp%2Fav%2Fcontent%2F%3Fid%3D436rbon00026&af_id=okd0405-990&ch=api,,,,パンチラ / ミニスカ / 企画 / 素人 / 盗撮・のぞき
436rbon00027,436rbon00027,digital,videoa,盗撮 漫画喫茶個室にいる女子校生の秘密が見たい,2009-05-23 10:00:13,https://video.dmm.co.jp/av/content/?id=436rbon00027,https://al.fanza.co.jp/?lurl=https%3A%2F%2Fvideo.dmm.co.jp%2Fav%2Fcontent%2F%3Fid%3D436rbon00027&af_id=okd0405-990&ch=api,,,,オナニー / 盗撮・のぞき / 女子校生 / ミニスカ
77crz00212,77crz00212,digital,videoa,便器メンズ 3,2009-05-23 10:00:12,https://video.dmm.co.jp/av/content/?id=77crz00212,https://al.fanza.co.jp/?lurl=https%3A%2F%2Fvideo.dmm.co.jp%2Fav%2Fcontent%2F%3Fid%3D77crz00212&af_id=okd0405-990&ch=api,,,,羞恥 / スカトロ / 脱糞 / 浣腸
77psi00201,77psi00201,digital,videoa,脇毛マゾ女 片山なつき,2009-05-23 10:00:11,https://video.dmm.co.jp/av/content/?id=77psi00201,https://al.fanza.co.jp/?lurl=https%3A%2F%2Fvideo.dmm.co.jp%2Fav%2Fcontent%2F%3Fid%3D77psi00201&af_id=okd0405-990&ch=api,,,,単体作品 / その他フェチ / 羞恥 / SM / 縛り・緊縛
433bbs00203,433bbs00203,digital,videoa,素人フェチ図鑑 おならヌード 3,2009-05-23 10:00:10,https://video.dmm.co.jp/av/content/?id=433bbs00203,https://al.fanza.co.jp/?lurl=https%3A%2F%2Fvideo.dmm.co.jp%2Fav%2Fcontent%2F%3Fid%3D433bbs00203&af_id=okd0405-990&ch=api,,,,その他フェチ / 素人
h_115seed00040,h_115seed00040,digital,videoa,スーパー美熟女セレクション VOL.12,2009-05-23 10:00:09,https://video.dmm.co.jp/av/content/?id=h_115seed00040,https://al.fanza.co.jp/?lurl=https%3A%2F%2Fvideo.dmm.co.jp%2Fav%2Fcontent%2F%3Fid%3Dh_115seed00040&af_id=okd0405-990&ch=api,,,,ベスト・総集編 / 巨乳 / 熟女
h_046kbkd00468,h_046kbkd00468,digital,videoa,近親相姦 母のあやまち 楠木爽子 由香,2009-05-23 10:00:08,https://video.dmm.co.jp/av/content/?id=h_046kbkd00468,https://al.fanza.co.jp/?lurl=https%3A%2F%2Fvideo.dmm.co.jp%2Fav%2Fcontent%2F%3Fid%3Dh_046kbkd00468&af_id=okd0405-990&ch=api,,,,単体作品 / 熟女 / 近親相姦 / シックスナイン / お母さん
h_067rnade391r,h_067rnade391r,digital,videoa,騎乗位狂い熟女 4時間,2009-05-23 10:00:06,https://video.dmm.co.jp/av/content/?id=h_067rnade391r,https://al.fanza.co.jp/?lurl=https%3A%2F%2Fvideo.dmm.co.jp%2Fav%2Fcontent%2F%3Fid%3Dh_067rnade391r&af_id=okd0405-990&ch=api,,,,騎乗位 / 熟女 / 指マン
h_168jmls014,h_168jmls014,digital,videoa,THE TRAP 天衣みつ,2009-05-23 10:00:05,https://video.dmm.co.jp/av/content/?id=h_168jmls014,https://al.fanza.co.jp/?lurl=https%3A%2F%2Fvideo.dmm.co.jp%2Fav%2Fcontent%2F%3Fid%3Dh_168jmls014&af_id=okd0405-990&ch=api,,,,パンスト・タイツ / 放尿・お漏らし / オナニー / フェラ / 騎乗位 / 単体作品
140c01179,140c01179,digital,videoa,少女、拉致、輪●【〇五】制服狩り,2009-05-23 10:00:03,https://video.dmm.co.jp/av/content/?id=140c01179,https://al.fanza.co.jp/?lurl=https%3A%2F%2Fvideo.dmm.co.jp%2Fav%2Fcontent%2F%3Fid%3D140c01179&af_id=okd0405-990&ch=api,,,,野外・露出 / セーラー服 / 女子校生
h_101gs00286,h_101gs00286,digital,videoa,主婦援交～良妻賢母の裏バイト～ ［9］,2009-05-23 10:00:02,https://video.dmm.co.jp/av/content/?id=h_101gs00286,https://al.fanza.co.jp/?lurl=https%3A%2F%2Fvideo.dmm.co.jp%2Fav%2Fcontent%2F%3Fid%3Dh_101gs00286&af_id=okd0405-990&ch=api,,,,熟女 / 不倫 / 人妻・主婦 / オナニー
180advr00243,180advr00243,digital,videoa,奴●通信 No.32 白山ゆり,2009-05-23 10:00:01,https://video.dmm.co.jp/av/content/?id=180advr00243,https://al.fanza.co.jp/?lurl=https%3A%2F%2Fvideo.dmm.co.jp%2Fav%2Fcontent%2F%3Fid%3D180advr00243&af_id=okd0405-990&ch=api,,,,SM / 縛り・緊縛 / 浣腸 / 単体作品
tqzl001,tqzl001,digital,videoa,全国同性愛者からの投稿 少女同士の性交,2009-05-23 10:00:00,https://video.dmm.co.jp/av/content/?id=tqzl001,https://al.fanza.co.jp/?lurl=https%3A%2F%2Fvideo.dmm.co.jp%2Fav%2Fcontent%2F%3Fid%3Dtqzl001&af_id=okd0405-990&ch=api,,,,インディーズ / 投稿 / レズビアン
h_170vnds2456,h_170vnds2456,digital,videoa,月刊熟女秘宝館 艶熟下半身の濡れ紫陽花,2009-05-23 10:00:00,https://video.dmm.co.jp/av/content/?id=h_170vnds2456,https://al.fanza.co.jp/?lurl=https%3A%2F%2Fvideo.dmm.co.jp%2Fav%2Fcontent%2F%3Fid%3Dh_170vnds2456&af_id=okd0405-990&ch=api,,,,熟女 / 指マン / フェラ / 騎乗位 / 野外・露出
65tpd00029,65tpd00029,digital,videoa,騎る姉,2009-05-23 10:00:00,https://video.dmm.co.jp/av/content/?id=65tpd00029,https://al.fanza.co.jp/?lurl=https%3A%2F%2Fvideo.dmm.co.jp%2Fav%2Fcontent%2F%3Fid%3D65tpd00029&af_id=okd0405-990&ch=api,,,,その他フェチ / お姉さん / 巨乳
57mc00657,57mc00657,digital,videoa,艶熟女 上方浪花ッ子,2009-05-23 10:00:00,https://video.dmm.co.jp/av/content/?id=57mc00657,https://al.fanza.co.jp/?lurl=https%3A%2F%2Fvideo.dmm.co.jp%2Fav%2Fcontent%2F%3Fid%3D57mc00657&af_id=okd0405-990&ch=api,,,,フェラ / 騎乗位 / 熟女
52fe00216,52fe00216,digital,videoa,若妻妖艶事情 池上恵美,2009-05-23 10:00:00,https://video.dmm.co.jp/av/content/?id=52fe00216,https://al.fanza.co.jp/?lurl=https%3A%2F%2Fvideo.dmm.co.jp%2Fav%2Fcontent%2F%3Fid%3D52fe00216&af_id=okd0405-990&ch=api,,,,単体作品 / フェラ / 騎乗位 / スレンダー / 若妻・幼妻
436rbon00028,436rbon00028,digital,videoa,こっそり民家を覗きたい,2009-05-23 10:00:00,https://video.dmm.co.jp/av/content/?id=436rbon00028,https://al.fanza.co.jp/?lurl=https%3A%2F%2Fvideo.dmm.co.jp%2Fav%2Fcontent%2F%3Fid%3D436rbon00028&af_id=okd0405-990&ch=api,,,,盗撮・のぞき / 素人 / ランジェリー
434gasu016,434gasu016,digital,videoa,SEXYなHIPS カラダにフィットし過ぎてるボディコンからオシリ,2009-05-23 10:00:00,https://video.dmm.co.jp/av/content/?id=434gasu016,https://al.fanza.co.jp/?lurl=https%3A%2F%2Fvideo.dmm.co.jp%2Fav%2Fcontent%2F%3Fid%3D434gasu016&af_id=okd0405-990&ch=api,,,,フェラ / ローター / ローション・オイル / 水着 / 尻フェチ
41fcu00008,41fcu00008,digital,videoa,Sex Mix 4,2009-05-23 10:00:00,https://video.dmm.co.jp/av/content/?id=41fcu00008,https://al.fanza.co.jp/?lurl=https%3A%2F%2Fvideo.dmm.co.jp%2Fav%2Fcontent%2F%3Fid%3D41fcu00008&af_id=okd0405-990&ch=api,,,,乱交 / モデル / 3P・4P
189dlk00012,189dlk00012,digital,videoa,レズキス 女子校生禁断同性愛の記録 りか らん,2009-05-23 10:00:00,https://video.dmm.co.jp/av/content/?id=189dlk00012,https://al.fanza.co.jp/?lurl=https%3A%2F%2Fvideo.dmm.co.jp%2Fav%2Fcontent%2F%3Fid%3D189dlk00012&af_id=okd0405-990&ch=api,,,,女子校生 / レズビアン / レズキス / 競泳・スクール水着
181dse00421,181dse00421,digital,videoa,眼鏡インテリエロ熟女 大嶺貴美子,2009-05-23 10:00:00,https://video.dmm.co.jp/av/content/?id=181dse00421,https://al.fanza.co.jp/?lurl=https%3A%2F%2Fvideo.dmm.co.jp%2Fav%2Fcontent%2F%3Fid%3D181dse00421&af_id=okd0405-990&ch=api,,,,単体作品 / 熟女 / 顔射 / めがね / 痴女
13mevd04,13mevd04,digital,videoa,木村彩のアナルイキッパ！ 4,2009-05-23 10:00:00,https://video.dmm.co.jp/av/content/?id=13mevd04,https://al.fanza.co.jp/?lurl=https%3A%2F%2Fvideo.dmm.co.jp%2Fav%2Fcontent%2F%3Fid%3D13mevd04&af_id=okd0405-990&ch=api,,,,デジモ / 3P・4P / 巨乳 / コスプレ / 単体作品 / アナルセックス
111ddyy001,111ddyy001,digital,videoa,美少女恥辱責め 嘆きの強●露出,2009-05-23 10:00:00,https://video.dmm.co.jp/av/content/?id=111ddyy001,https://al.fanza.co.jp/?lurl=https%3A%2F%2Fvideo.dmm.co.jp%2Fav%2Fcontent%2F%3Fid%3D111ddyy001&af_id=okd0405-990&ch=api,,,,単体作品 / 女子大生 / 美少女 / 羞恥 / 野外・露出
53dv01053,53dv01053,digital,videoa,終わらないパイズリ 麻美ゆま,2009-05-22 10:00:50,https://video.dmm.co.jp/av/content/?id=53dv01053,https://al.fanza.co.jp/?lurl=https%3A%2F%2Fvideo.dmm.co.jp%2Fav%2Fcontent%2F%3Fid%3D53dv01053&af_id=okd0405-990&ch=api,,,,ハイビジョン / 巨乳 / 巨乳フェチ / 単体作品 / パイズリ
h_175dmkg00002,h_175dmkg00002,digital,videoa,新・女スパイ拷問極秘ファイル VOL.2 極上女体炎上,2009-05-22 10:00:47,https://video.dmm.co.jp/av/content/?id=h_175dmkg00002,https://al.fanza.co.jp/?lurl=https%3A%2F%2Fvideo.dmm.co.jp%2Fav%2Fcontent%2F%3Fid%3Dh_175dmkg00002&af_id=okd0405-990&ch=api,,,,拷問 / その他フェチ / 拘束 / 電マ / 素人
60srxv00764,60srxv00764,digital,videoa,連続絶頂イカせFUCK 光月夜也,2009-05-22 10:00:45,https://video.dmm.co.jp/av/content/?id=60srxv00764,https://al.fanza.co.jp/?lurl=https%3A%2F%2Fvideo.dmm.co.jp%2Fav%2Fcontent%2F%3Fid%3D60srxv00764&af_id=okd0405-990&ch=api,,,,3P・4P / デジモ / 拘束 / 単体作品 / 騎乗位 / 潮吹き
h_322mgic00003,h_322mgic00003,digital,videoa,本当にあった！妊婦サークル乱交パーティ 臨月ママ中出し,2009-05-22 10:00:43,https://video.dmm.co.jp/av/content/?id=h_322mgic00003,https://al.fanza.co.jp/?lurl=https%3A%2F%2Fvideo.dmm.co.jp%2Fav%2Fcontent%2F%3Fid%3Dh_322mgic00003&af_id=okd0405-990&ch=api,,,,人妻・主婦 / 中出し / 妊婦 / 乱交 / 単体作品
148dgkd00261s,148dgkd00261s,digital,videoa,禁断の巨乳母 義母さん、もう俺ガマンできないよ 安岡たまき,2009-05-22 10:00:42,https://video.dmm.co.jp/av/content/?id=148dgkd00261s,https://al.fanza.co.jp/?lurl=https%3A%2F%2Fvideo.dmm.co.jp%2Fav%2Fcontent%2F%3Fid%3D148dgkd00261s&af_id=okd0405-990&ch=api,,,,単体作品 / 中出し / 熟女 / 手コキ / 巨乳 / 義母
55akb00012,55akb00012,digital,videoa,コスプレ例大祭,2009-05-22 10:00:41,https://video.dmm.co.jp/av/content/?id=55akb00012,https://al.fanza.co.jp/?lurl=https%3A%2F%2Fvideo.dmm.co.jp%2Fav%2Fcontent%2F%3Fid%3D55akb00012&af_id=okd0405-990&ch=api,,,,コスプレ / 騎乗位 / 指マン / フェラ
53dv01052,53dv01052,digital,videoa,終わらないお掃除フェラ 辰巳ゆい,2009-05-22 10:00:40,https://video.dmm.co.jp/av/content/?id=53dv01052,https://al.fanza.co.jp/?lurl=https%3A%2F%2Fvideo.dmm.co.jp%2Fav%2Fcontent%2F%3Fid%3D53dv01052&af_id=okd0405-990&ch=api,,,,ハイビジョン / フェラ / 指マン / 単体作品 / シックスナイン
49madv00098,49madv00098,digital,videoa,未亡人 柔肌の悶え 23,2009-05-22 10:00:36,https://video.dmm.co.jp/av/content/?id=49madv00098,https://al.fanza.co.jp/?lurl=https%3A%2F%2Fvideo.dmm.co.jp%2Fav%2Fcontent%2F%3Fid%3D49madv00098&af_id=okd0405-990&ch=api,,,,熟女 / 未亡人 / 和服・浴衣
53midi00002,53midi00002,digital,videoa,橘いずみの妄想美脚,2009-05-22 10:00:35,https://video.dmm.co.jp/av/content/?id=53midi00002,https://al.fanza.co.jp/?lurl=https%3A%2F%2Fvideo.dmm.co.jp%2Fav%2Fcontent%2F%3Fid%3D53midi00002&af_id=okd0405-990&ch=api,,,,コスプレ / 脚フェチ / パンスト・タイツ / 単体作品 / 妄想
53midi00003,53midi00003,digital,videoa,美人妻監禁調教 芹沢恋,2009-05-22 10:00:34,https://video.dmm.co.jp/av/content/?id=53midi00003,https://al.fanza.co.jp/?lurl=https%3A%2F%2Fvideo.dmm.co.jp%2Fav%2Fcontent%2F%3Fid%3D53midi00003&af_id=okd0405-990&ch=api,,,,ハイビジョン / 人妻・主婦 / 監禁 / 単体作品
h_322mgic00002,h_322mgic00002,digital,videoa,人妻をナンパしたら母乳が出たぁ～！,2009-05-22 10:00:33,https://video.dmm.co.jp/av/content/?id=h_322mgic00002,https://al.fanza.co.jp/?lurl=https%3A%2F%2Fvideo.dmm.co.jp%2Fav%2Fcontent%2F%3Fid%3Dh_322mgic00002&af_id=okd0405-990&ch=api,,,,母乳 / 素人 / 人妻・主婦 / ナンパ
55t1500011,55t1500011,digital,videoa,DIGITAL REMOSAIC 爆乳ハードコア 星ありす,2009-05-22 10:00:32,https://video.dmm.co.jp/av/content/?id=55t1500011,https://al.fanza.co.jp/?lurl=https%3A%2F%2Fvideo.dmm.co.jp%2Fav%2Fcontent%2F%3Fid%3D55t1500011&af_id=okd0405-990&ch=api,,,,単体作品 / 巨乳 / 巨乳フェチ / クンニ / 拘束 / ボンテージ
h_081tifj00024,h_081tifj00024,digital,videoa,裏・本番！！人妻デリヘル ～中出し編～ Part2,2009-05-22 10:00:29,https://video.dmm.co.jp/av/content/?id=h_081tifj00024,https://al.fanza.co.jp/?lurl=https%3A%2F%2Fvideo.dmm.co.jp%2Fav%2Fcontent%2F%3Fid%3Dh_081tifj00024&af_id=okd0405-990&ch=api,,,,人妻・主婦 / 中出し / キャバ嬢・風俗嬢 / 熟女
148dgkd00262s,148dgkd00262s,digital,videoa,盗撮 イケメン整体師 無防備なオバサン喰いまくり,2009-05-22 10:00:28,https://video.dmm.co.jp/av/content/?id=148dgkd00262s,https://al.fanza.co.jp/?lurl=https%3A%2F%2Fvideo.dmm.co.jp%2Fav%2Fcontent%2F%3Fid%3D148dgkd00262s&af_id=okd0405-990&ch=api,,,,盗撮・のぞき / 中出し / 熟女
148dgkd00263s,148dgkd00263s,digital,videoa,投稿サークル 私たちのエッチを見て！おバカなカップル集合,2009-05-22 10:00:27,https://video.dmm.co.jp/av/content/?id=148dgkd00263s,https://al.fanza.co.jp/?lurl=https%3A%2F%2Fvideo.dmm.co.jp%2Fav%2Fcontent%2F%3Fid%3D148dgkd00263s&af_id=okd0405-990&ch=api,,,,カップル / 投稿 / 素人 / 熟女 / 巨乳
148dgkd00264s,148dgkd00264s,digital,videoa,巨乳自慢 熟女BEST20,2009-05-22 10:00:26,https://video.dmm.co.jp/av/content/?id=148dgkd00264s,https://al.fanza.co.jp/?lurl=https%3A%2F%2Fvideo.dmm.co.jp%2Fav%2Fcontent%2F%3Fid%3D148dgkd00264s&af_id=okd0405-990&ch=api,,,,ベスト・総集編 / 巨乳 / 熟女
h_322mgic00001,h_322mgic00001,digital,videoa,ハイブリッド ビューティー シーメール MIYA（魅夜）,2009-05-22 10:00:24,https://video.dmm.co.jp/av/content/?id=h_322mgic00001,https://al.fanza.co.jp/?lurl=https%3A%2F%2Fvideo.dmm.co.jp%2Fav%2Fcontent%2F%3Fid%3Dh_322mgic00001&af_id=okd0405-990&ch=api,,,,単体作品 / 痴女 / ニューハーフ / シックスナイン
h_081jjor00008,h_081jjor00008,digital,videoa,凌● ニューハーフ 愛間みるく,2009-05-22 10:00:23,https://video.dmm.co.jp/av/content/?id=h_081jjor00008,https://al.fanza.co.jp/?lurl=https%3A%2F%2Fvideo.dmm.co.jp%2Fav%2Fcontent%2F%3Fid%3Dh_081jjor00008&af_id=okd0405-990&ch=api,,,,ニューハーフ / 拘束 / 辱め / 単体作品
61rmd756r,61rmd756r,digital,videoa,堕天使X 春咲あずみ,2009-05-22 10:00:22,https://video.dmm.co.jp/av/content/?id=61rmd756r,https://al.fanza.co.jp/?lurl=https%3A%2F%2Fvideo.dmm.co.jp%2Fav%2Fcontent%2F%3Fid%3D61rmd756r&af_id=okd0405-990&ch=api,,,,単体作品 / 潮吹き / コスプレ / クスコ / 中出し / 顔射
h_158tod77,h_158tod77,digital,videoa,まさか叔母ちゃんに筆下ろしされるとは… 6,2009-05-22 10:00:18,https://video.dmm.co.jp/av/content/?id=h_158tod77,https://al.fanza.co.jp/?lurl=https%3A%2F%2Fvideo.dmm.co.jp%2Fav%2Fcontent%2F%3Fid%3Dh_158tod77&af_id=okd0405-990&ch=api,,,,単体作品 / 熟女 / 未亡人 / 近親相姦
h_081jjor00009,h_081jjor00009,digital,videoa,アブノーマル 異常性欲 VOL.1,2009-05-22 10:00:17,https://video.dmm.co.jp/av/content/?id=h_081jjor00009,https://al.fanza.co.jp/?lurl=https%3A%2F%2Fvideo.dmm.co.jp%2Fav%2Fcontent%2F%3Fid%3Dh_081jjor00009&af_id=okd0405-990&ch=api,,,,3P・4P / 痴女 / ランジェリー
h_081otf00002,h_081otf00002,digital,videoa,Eカップ中出し ラム,2009-05-22 10:00:16,https://video.dmm.co.jp/av/content/?id=h_081otf00002,https://al.fanza.co.jp/?lurl=https%3A%2F%2Fvideo.dmm.co.jp%2Fav%2Fcontent%2F%3Fid%3Dh_081otf00002&af_id=okd0405-990&ch=api,,,,巨乳 / 素人 / 中出し
h_081tifj00023,h_081tifj00023,digital,videoa,団地のおかあさん Part5,2009-05-22 10:00:10,https://video.dmm.co.jp/av/content/?id=h_081tifj00023,https://al.fanza.co.jp/?lurl=https%3A%2F%2Fvideo.dmm.co.jp%2Fav%2Fcontent%2F%3Fid%3Dh_081tifj00023&af_id=okd0405-990&ch=api,,,,お母さん / 熟女 / 人妻・主婦
h_081tifj00021,h_081tifj00021,digital,videoa,熟女とハメちゃお！ ～スナックママ編～,2009-05-22 10:00:09,https://video.dmm.co.jp/av/content/?id=h_081tifj00021,https://al.fanza.co.jp/?lurl=https%3A%2F%2Fvideo.dmm.co.jp%2Fav%2Fcontent%2F%3Fid%3Dh_081tifj00021&af_id=okd0405-990&ch=api,,,,巨乳 / 熟女 / 職業色々 / めがね
h_081tifj00022,h_081tifj00022,digital,videoa,人妻ソープ中出し編 4時間ベストコレクション！！ VOL.2,2009-05-22 10:00:08,https://video.dmm.co.jp/av/content/?id=h_081tifj00022,https://al.fanza.co.jp/?lurl=https%3A%2F%2Fvideo.dmm.co.jp%2Fav%2Fcontent%2F%3Fid%3Dh_081tifj00022&af_id=okd0405-990&ch=api,,,,ベスト・総集編 / 熟女 / 人妻・主婦 / 中出し / キャバ嬢・風俗嬢
h_081tkyo00005,h_081tkyo00005,digital,videoa,Tokyo☆247 PS 05,2009-05-22 10:00:07,https://video.dmm.co.jp/av/content/?id=h_081tkyo00005,https://al.fanza.co.jp/?lurl=https%3A%2F%2Fvideo.dmm.co.jp%2Fav%2Fcontent%2F%3Fid%3Dh_081tkyo00005&af_id=okd0405-990&ch=api,,,,スチュワーデス / バニーガール / 職業色々 / 素人 / コスプレ
h_081tkyo00006,h_081tkyo00006,digital,videoa,Tokyo☆247 PS 06,2009-05-22 10:00:06,https://video.dmm.co.jp/av/content/?id=h_081tkyo00006,https://al.fanza.co.jp/?lurl=https%3A%2F%2Fvideo.dmm.co.jp%2Fav%2Fcontent%2F%3Fid%3Dh_081tkyo00006&af_id=okd0405-990&ch=api,,,,レースクィーン / コスプレ / 素人 / 騎乗位 / 看護婦・ナース
41bndv00605,41bndv00605,digital,videoa,h.m.p人気女優 決定的瞬間！！マジイキギガMiX4時間,2009-05-22 10:00:05,https://video.dmm.co.jp/av/content/?id=41bndv00605,https://al.fanza.co.jp/?lurl=https%3A%2F%2Fvideo.dmm.co.jp%2Fav%2Fcontent%2F%3Fid%3D41bndv00605&af_id=okd0405-990&ch=api,,,,顔射 / コスプレ / ベスト・総集編 / 騎乗位
84rmild00571,84rmild00571,digital,videoa,極選！潮吹き4時間 4,2009-05-22 10:00:03,https://video.dmm.co.jp/av/content/?id=84rmild00571,https://al.fanza.co.jp/?lurl=https%3A%2F%2Fvideo.dmm.co.jp%2Fav%2Fcontent%2F%3Fid%3D84rmild00571&af_id=okd0405-990&ch=api,,,,ベスト・総集編 / 潮吹き
140c01178,140c01178,digital,videoa,セイフクJack 006,2009-05-22 10:00:02,https://video.dmm.co.jp/av/content/?id=140c01178,https://al.fanza.co.jp/?lurl=https%3A%2F%2Fvideo.dmm.co.jp%2Fav%2Fcontent%2F%3Fid%3D140c01178&af_id=okd0405-990&ch=api,,,,監禁 / 女子校生 / 異物挿入
qbvl001,qbvl001,digital,videoa,投稿 女教師凌●レ●プ 4時間,2009-05-22 10:00:00,https://video.dmm.co.jp/av/content/?id=qbvl001,https://al.fanza.co.jp/?lurl=https%3A%2F%2Fvideo.dmm.co.jp%2Fav%2Fcontent%2F%3Fid%3Dqbvl001&af_id=okd0405-990&ch=api,,,,インディーズ / 投稿 / 女教師
h_170vnds2421,h_170vnds2421,digital,videoa,月刊 美脚ウェイトレス,2009-05-22 10:00:00,https://video.dmm.co.jp/av/content/?id=h_170vnds2421,https://al.fanza.co.jp/?lurl=https%3A%2F%2Fvideo.dmm.co.jp%2Fav%2Fcontent%2F%3Fid%3Dh_170vnds2421&af_id=okd0405-990&ch=api,,,,ウェイトレス / 脚フェチ / ニーソックス / 3P・4P / ミニスカ
h_170vnds1051,h_170vnds1051,digital,videoa,AV専門学校,2009-05-22 10:00:00,https://video.dmm.co.jp/av/content/?id=h_170vnds1051,https://al.fanza.co.jp/?lurl=https%3A%2F%2Fvideo.dmm.co.jp%2Fav%2Fcontent%2F%3Fid%3Dh_170vnds1051&af_id=okd0405-990&ch=api,,,,3P・4P / 騎乗位 / 指マン / バイブ / フェラ
h_101gs00267,h_101gs00267,digital,videoa,主婦援交～良妻賢母の裏バイト～ ［8］,2009-05-22 10:00:00,https://video.dmm.co.jp/av/content/?id=h_101gs00267,https://al.fanza.co.jp/?lurl=https%3A%2F%2Fvideo.dmm.co.jp%2Fav%2Fcontent%2F%3Fid%3Dh_101gs00267&af_id=okd0405-990&ch=api,,,,オナニー / 不倫 / 人妻・主婦
77fbs00045,77fbs00045,digital,videoa,巨乳悦楽45 杉山圭,2009-05-22 10:00:00,https://video.dmm.co.jp/av/content/?id=77fbs00045,https://al.fanza.co.jp/?lurl=https%3A%2F%2Fvideo.dmm.co.jp%2Fav%2Fcontent%2F%3Fid%3D77fbs00045&af_id=okd0405-990&ch=api,,,,巨乳 / パイズリ / コスプレ / 単体作品
57mc00654,57mc00654,digital,videoa,義母の寝室大全集 其之壱,2009-05-22 10:00:00,https://video.dmm.co.jp/av/content/?id=57mc00654,https://al.fanza.co.jp/?lurl=https%3A%2F%2Fvideo.dmm.co.jp%2Fav%2Fcontent%2F%3Fid%3D57mc00654&af_id=okd0405-990&ch=api,,,,人妻・主婦 / 近親相姦 / ベスト・総集編
433oned902,433oned902,digital,videoa,接吻と射精,2009-05-22 10:00:00,https://video.dmm.co.jp/av/content/?id=433oned902,https://al.fanza.co.jp/?lurl=https%3A%2F%2Fvideo.dmm.co.jp%2Fav%2Fcontent%2F%3Fid%3D433oned902&af_id=okd0405-990&ch=api,,,,レズビアン / セーラー服 / 手コキ
28dvh00344,28dvh00344,digital,videoa,素人ナンパ中出し 9,2009-05-22 10:00:00,https://video.dmm.co.jp/av/content/?id=28dvh00344,https://al.fanza.co.jp/?lurl=https%3A%2F%2Fvideo.dmm.co.jp%2Fav%2Fcontent%2F%3Fid%3D28dvh00344&af_id=okd0405-990&ch=api,,,,3P・4P / ナンパ / ギャル / 素人 / 中出し
189dcm00010,189dcm00010,digital,videoa,COSMATE 10 あんな,2009-05-22 10:00:00,https://video.dmm.co.jp/av/content/?id=189dcm00010,https://al.fanza.co.jp/?lurl=https%3A%2F%2Fvideo.dmm.co.jp%2Fav%2Fcontent%2F%3Fid%3D189dcm00010&af_id=okd0405-990&ch=api,,,,コスプレ / ミニ系 / ネコミミ・獣系 / クンニ
13etc00009,13etc00009,digital,videoa,露出痴女 その場でごっくん！ 一戸のぞみ,2009-05-21 10:00:50,https://video.dmm.co.jp/av/content/?id=13etc00009,https://al.fanza.co.jp/?lurl=https%3A%2F%2Fvideo.dmm.co.jp%2Fav%2Fcontent%2F%3Fid%3D13etc00009&af_id=okd0405-990&ch=api,,,,単体作品 / 逆ナン / ごっくん / 野外・露出 / 痴女
540ogw00001,540ogw00001,digital,videoa,「犯●れたい…」と願望する若妻 妄想FILE 001,2009-05-21 10:00:48,https://video.dmm.co.jp/av/content/?id=540ogw00001,https://al.fanza.co.jp/?lurl=https%3A%2F%2Fvideo.dmm.co.jp%2Fav%2Fcontent%2F%3Fid%3D540ogw00001&af_id=okd0405-990&ch=api,,,,妄想 / 辱め / 不倫 / 素人 / 若妻・幼妻
h_086hone00013,h_086hone00013,digital,videoa,近親相姦 わき毛の母 青山小百合,2009-05-21 10:00:47,https://video.dmm.co.jp/av/content/?id=h_086hone00013,https://al.fanza.co.jp/?lurl=https%3A%2F%2Fvideo.dmm.co.jp%2Fav%2Fcontent%2F%3Fid%3Dh_086hone00013&af_id=okd0405-990&ch=api,,,,単体作品 / 熟女 / 近親相姦 / お母さん
13zom00006,13zom00006,digital,videoa,肉体謝罪 4 セレブ妻の過ち 高坂保奈美,2009-05-21 10:00:45,https://video.dmm.co.jp/av/content/?id=13zom00006,https://al.fanza.co.jp/?lurl=https%3A%2F%2Fvideo.dmm.co.jp%2Fav%2Fcontent%2F%3Fid%3D13zom00006&af_id=okd0405-990&ch=api,,,,単体作品 / 拘束 / 熟女 / 人妻・主婦 / 電マ
36dksw00158,36dksw00158,digital,videoa,乳首をイジられながらフェラチオされたい！！,2009-05-21 10:00:44,https://video.dmm.co.jp/av/content/?id=36dksw00158,https://al.fanza.co.jp/?lurl=https%3A%2F%2Fvideo.dmm.co.jp%2Fav%2Fcontent%2F%3Fid%3D36dksw00158&af_id=okd0405-990&ch=api,,,,その他フェチ / フェラ
h_086hthd00034,h_086hthd00034,digital,videoa,続 友達の母親 浅倉彩音,2009-05-21 10:00:43,https://video.dmm.co.jp/av/content/?id=h_086hthd00034,https://al.fanza.co.jp/?lurl=https%3A%2F%2Fvideo.dmm.co.jp%2Fav%2Fcontent%2F%3Fid%3Dh_086hthd00034&af_id=okd0405-990&ch=api,,,,単体作品 / 熟女 / パイズリ
13drs00039,13drs00039,digital,videoa,近親相姦 VOL.20,2009-05-21 10:00:42,https://video.dmm.co.jp/av/content/?id=13drs00039,https://al.fanza.co.jp/?lurl=https%3A%2F%2Fvideo.dmm.co.jp%2Fav%2Fcontent%2F%3Fid%3D13drs00039&af_id=okd0405-990&ch=api,,,,単体作品 / 巨乳 / 未亡人 / 近親相姦 / クンニ
36dksw00159,36dksw00159,digital,videoa,女子校生オマンコおっぴろげコレクション,2009-05-21 10:00:41,https://video.dmm.co.jp/av/content/?id=36dksw00159,https://al.fanza.co.jp/?lurl=https%3A%2F%2Fvideo.dmm.co.jp%2Fav%2Fcontent%2F%3Fid%3D36dksw00159&af_id=okd0405-990&ch=api,,,,その他フェチ / 局部アップ / 女子校生
540inj00001,540inj00001,digital,videoa,いいなり熟女 01,2009-05-21 10:00:39,https://video.dmm.co.jp/av/content/?id=540inj00001,https://al.fanza.co.jp/?lurl=https%3A%2F%2Fvideo.dmm.co.jp%2Fav%2Fcontent%2F%3Fid%3D540inj00001&af_id=okd0405-990&ch=api,,,,羞恥 / 不倫 / 熟女
13acb00006,13acb00006,digital,videoa,僕の禁断宿泊記 2「伯母に犯●れた日」 艶堂しほり,2009-05-21 10:00:38,https://video.dmm.co.jp/av/content/?id=13acb00006,https://al.fanza.co.jp/?lurl=https%3A%2F%2Fvideo.dmm.co.jp%2Fav%2Fcontent%2F%3Fid%3D13acb00006&af_id=okd0405-990&ch=api,,,,単体作品 / 近親相姦 / 熟女 / 放尿・お漏らし
13saq00002,13saq00002,digital,videoa,禁断介護 ～色欲義父との旅でマラの虜になった淫乱嫁～,2009-05-21 10:00:37,https://video.dmm.co.jp/av/content/?id=13saq00002,https://al.fanza.co.jp/?lurl=https%3A%2F%2Fvideo.dmm.co.jp%2Fav%2Fcontent%2F%3Fid%3D13saq00002&af_id=okd0405-990&ch=api,,,,単体作品 / 手コキ / クンニ / 近親相姦 / 巨乳
h_086hone00012,h_086hone00012,digital,videoa,近親相姦 いとしの変態爆乳母さん 安岡たまき,2009-05-21 10:00:36,https://video.dmm.co.jp/av/content/?id=h_086hone00012,https://al.fanza.co.jp/?lurl=https%3A%2F%2Fvideo.dmm.co.jp%2Fav%2Fcontent%2F%3Fid%3Dh_086hone00012&af_id=okd0405-990&ch=api,,,,単体作品 / ぽっちゃり / 熟女 / 近親相姦 / 巨乳 / お母さん
h_086hthd00035,h_086hthd00035,digital,videoa,続 友達の母親 真波紫乃,2009-05-21 10:00:35,https://video.dmm.co.jp/av/content/?id=h_086hthd00035,https://al.fanza.co.jp/?lurl=https%3A%2F%2Fvideo.dmm.co.jp%2Fav%2Fcontent%2F%3Fid%3Dh_086hthd00035&af_id=okd0405-990&ch=api,,,,単体作品 / スレンダー / 中出し / 熟女
540ogw00002,540ogw00002,digital,videoa,「犯●れたい…」と願望する若妻 妄想FILE 002,2009-05-21 10:00:34,https://video.dmm.co.jp/av/content/?id=540ogw00002,https://al.fanza.co.jp/?lurl=https%3A%2F%2Fvideo.dmm.co.jp%2Fav%2Fcontent%2F%3Fid%3D540ogw00002&af_id=okd0405-990&ch=api,,,,縛り・緊縛 / 不倫 / 素人 / 若妻・幼妻 / インストラクター
h_157cat00089,h_157cat00089,digital,videoa,世間を騒がす人気サイコセラピストによる猥褻催●治療盗撮,2009-05-21 10:00:33,https://video.dmm.co.jp/av/content/?id=h_157cat00089,https://al.fanza.co.jp/?lurl=https%3A%2F%2Fvideo.dmm.co.jp%2Fav%2Fcontent%2F%3Fid%3Dh_157cat00089&af_id=okd0405-990&ch=api,,,,盗撮・のぞき / 熟女
h_157cat00090,h_157cat00090,digital,videoa,美人妻在籍高級回春マッサージ盗撮 3,2009-05-21 10:00:32,https://video.dmm.co.jp/av/content/?id=h_157cat00090,https://al.fanza.co.jp/?lurl=https%3A%2F%2Fvideo.dmm.co.jp%2Fav%2Fcontent%2F%3Fid%3Dh_157cat00090&af_id=okd0405-990&ch=api,,,,人妻・主婦 / 盗撮・のぞき / 痴女 / コスプレ / マッサージ・リフレ
36dksw00157,36dksw00157,digital,videoa,尻コキ女子校生7,2009-05-21 10:00:31,https://video.dmm.co.jp/av/content/?id=36dksw00157,https://al.fanza.co.jp/?lurl=https%3A%2F%2Fvideo.dmm.co.jp%2Fav%2Fcontent%2F%3Fid%3D36dksw00157&af_id=okd0405-990&ch=api,,,,その他フェチ / 女子校生 / 尻フェチ / セーラー服
36doks00077,36doks00077,digital,videoa,巨尻レゲエ女,2009-05-21 10:00:30,https://video.dmm.co.jp/av/content/?id=36doks00077,https://al.fanza.co.jp/?lurl=https%3A%2F%2Fvideo.dmm.co.jp%2Fav%2Fcontent%2F%3Fid%3D36doks00077&af_id=okd0405-990&ch=api,,,,パイズリ / 騎乗位 / 尻フェチ / 単体作品
h_086vahe00001,h_086vahe00001,digital,videoa,爆尻妻 石原よしえ,2009-05-21 10:00:29,https://video.dmm.co.jp/av/content/?id=h_086vahe00001,https://al.fanza.co.jp/?lurl=https%3A%2F%2Fvideo.dmm.co.jp%2Fav%2Fcontent%2F%3Fid%3Dh_086vahe00001&af_id=okd0405-990&ch=api,,,,単体作品 / お母さん / 近親相姦 / 熟女 / 尻フェチ
13drs00040,13drs00040,digital,videoa,近親相姦 VOL.21,2009-05-21 10:00:28,https://video.dmm.co.jp/av/content/?id=13drs00040,https://al.fanza.co.jp/?lurl=https%3A%2F%2Fvideo.dmm.co.jp%2Fav%2Fcontent%2F%3Fid%3D13drs00040&af_id=okd0405-990&ch=api,,,,近親相姦 / 巨乳 / 義母 / 尻フェチ
13zom00007,13zom00007,digital,videoa,人妻中出しナンパ 5,2009-05-21 10:00:26,https://video.dmm.co.jp/av/content/?id=13zom00007,https://al.fanza.co.jp/?lurl=https%3A%2F%2Fvideo.dmm.co.jp%2Fav%2Fcontent%2F%3Fid%3D13zom00007&af_id=okd0405-990&ch=api,,,,中出し / 人妻・主婦 / ナンパ / 騎乗位
36dksw00155,36dksw00155,digital,videoa,淫熟接吻,2009-05-21 10:00:25,https://video.dmm.co.jp/av/content/?id=36dksw00155,https://al.fanza.co.jp/?lurl=https%3A%2F%2Fvideo.dmm.co.jp%2Fav%2Fcontent%2F%3Fid%3D36dksw00155&af_id=okd0405-990&ch=api,,,,その他フェチ / OL / 熟女 / キス・接吻
36dksw00156,36dksw00156,digital,videoa,スケベな人妻と淫らに相互オナニー,2009-05-21 10:00:24,https://video.dmm.co.jp/av/content/?id=36dksw00156,https://al.fanza.co.jp/?lurl=https%3A%2F%2Fvideo.dmm.co.jp%2Fav%2Fcontent%2F%3Fid%3D36dksw00156&af_id=okd0405-990&ch=api,,,,人妻・主婦 / オナニー / 手コキ
h_157div00045,h_157div00045,digital,videoa,猥褻レズ医療現場盗撮 VOL.02,2009-05-21 10:00:23,https://video.dmm.co.jp/av/content/?id=h_157div00045,https://al.fanza.co.jp/?lurl=https%3A%2F%2Fvideo.dmm.co.jp%2Fav%2Fcontent%2F%3Fid%3Dh_157div00045&af_id=okd0405-990&ch=api,,,,レズビアン / 盗撮・のぞき / クンニ / 看護婦・ナース / 女医
104magd00008,104magd00008,digital,videoa,クンニ DE インタビュー 熟女編,2009-05-21 10:00:22,https://video.dmm.co.jp/av/content/?id=104magd00008,https://al.fanza.co.jp/?lurl=https%3A%2F%2Fvideo.dmm.co.jp%2Fav%2Fcontent%2F%3Fid%3D104magd00008&af_id=okd0405-990&ch=api,,,,クンニ / 電マ / 巨乳 / 熟女
104magd00009,104magd00009,digital,videoa,相互鑑賞オナニー 私のオナニーを見ながら、あなたもイって…,2009-05-21 10:00:21,https://video.dmm.co.jp/av/content/?id=104magd00009,https://al.fanza.co.jp/?lurl=https%3A%2F%2Fvideo.dmm.co.jp%2Fav%2Fcontent%2F%3Fid%3D104magd00009&af_id=okd0405-990&ch=api,,,,ローター / バイブ / 巨乳 / オナニー
h_115gang00009,h_115gang00009,digital,videoa,金髪若妻ナンパ生中出し 世界の股間からin USA Mrs.Brook Bell,2009-05-21 10:00:20,https://video.dmm.co.jp/av/content/?id=h_115gang00009,https://al.fanza.co.jp/?lurl=https%3A%2F%2Fvideo.dmm.co.jp%2Fav%2Fcontent%2F%3Fid%3Dh_115gang00009&af_id=okd0405-990&ch=api,,,,若妻・幼妻 / 白人女優
h_047at003,h_047at003,digital,videoa,高級人妻性感オイルマッサージ ～我慢できない連続アクメ人妻に中出しする悪徳マッサージ師～,2009-05-21 10:00:19,https://video.dmm.co.jp/av/content/?id=h_047at003,https://al.fanza.co.jp/?lurl=https%3A%2F%2Fvideo.dmm.co.jp%2Fav%2Fcontent%2F%3Fid%3Dh_047at003&af_id=okd0405-990&ch=api,,,,マッサージ・リフレ / 人妻・主婦 / 中出し / 盗撮・のぞき / 3P・4P
h_100smow068,h_100smow068,digital,videoa,SROOM 3,2009-05-21 10:00:18,https://video.dmm.co.jp/av/content/?id=h_100smow068,https://al.fanza.co.jp/?lurl=https%3A%2F%2Fvideo.dmm.co.jp%2Fav%2Fcontent%2F%3Fid%3Dh_100smow068&af_id=okd0405-990&ch=api,,,,3P・4P / SM / 拘束 / 辱め
h_169simg277,h_169simg277,digital,videoa,巨乳ローションファイトクラブ 2,2009-05-21 10:00:17,https://video.dmm.co.jp/av/content/?id=h_169simg277,https://al.fanza.co.jp/?lurl=https%3A%2F%2Fvideo.dmm.co.jp%2Fav%2Fcontent%2F%3Fid%3Dh_169simg277&af_id=okd0405-990&ch=api,,,,水着 / オナニー / フェラ / ローション・オイル / 巨乳
h_101gs00248,h_101gs00248,digital,videoa,主婦援交～良妻賢母の裏バイト～ ［7］,2009-05-21 10:00:15,https://video.dmm.co.jp/av/content/?id=h_101gs00248,https://al.fanza.co.jp/?lurl=https%3A%2F%2Fvideo.dmm.co.jp%2Fav%2Fcontent%2F%3Fid%3Dh_101gs00248&af_id=okd0405-990&ch=api,,,,人妻・主婦 / 不倫 / 電マ
77fbs41,77fbs41,digital,videoa,巨乳悦楽41 川久保アンナ,2009-05-21 10:00:13,https://video.dmm.co.jp/av/content/?id=77fbs41,https://al.fanza.co.jp/?lurl=https%3A%2F%2Fvideo.dmm.co.jp%2Fav%2Fcontent%2F%3Fid%3D77fbs41&af_id=okd0405-990&ch=api,,,,巨乳 / 巨乳フェチ / 体操着・ブルマ / ぽっちゃり / 単体作品
180advr00210,180advr00210,digital,videoa,ビザールオルガズム 10,2009-05-21 10:00:12,https://video.dmm.co.jp/av/content/?id=180advr00210,https://al.fanza.co.jp/?lurl=https%3A%2F%2Fvideo.dmm.co.jp%2Fav%2Fcontent%2F%3Fid%3D180advr00210&af_id=okd0405-990&ch=api,,,,縛り・緊縛 / ベスト・総集編 / コスプレ / SM
67gd931,67gd931,digital,videoa,五十路だよ！熟濡れ乱れ裾,2009-05-21 10:00:11,https://video.dmm.co.jp/av/content/?id=67gd931,https://al.fanza.co.jp/?lurl=https%3A%2F%2Fvideo.dmm.co.jp%2Fav%2Fcontent%2F%3Fid%3D67gd931&af_id=okd0405-990&ch=api,,,,和服・浴衣 / 熟女 / クンニ
2cbd00031,2cbd00031,digital,videoa,肉欲痴女 エロ尻オンナとエゴマゾ男 藍原夕妃,2009-05-21 10:00:10,https://video.dmm.co.jp/av/content/?id=2cbd00031,https://al.fanza.co.jp/?lurl=https%3A%2F%2Fvideo.dmm.co.jp%2Fav%2Fcontent%2F%3Fid%3D2cbd00031&af_id=okd0405-990&ch=api,,,,単体作品 / 痴女 / 尻フェチ / 騎乗位 / デジモ / コスプレ
62daj00057,62daj00057,digital,videoa,巨乳痴●電車 Deluxe,2009-05-21 10:00:09,https://video.dmm.co.jp/av/content/?id=62daj00057,https://al.fanza.co.jp/?lurl=https%3A%2F%2Fvideo.dmm.co.jp%2Fav%2Fcontent%2F%3Fid%3D62daj00057&af_id=okd0405-990&ch=api,,,,巨乳フェチ / ベスト・総集編 / 巨乳
65tpd00028,65tpd00028,digital,videoa,熟女ざかり,2009-05-21 10:00:07,https://video.dmm.co.jp/av/content/?id=65tpd00028,https://al.fanza.co.jp/?lurl=https%3A%2F%2Fvideo.dmm.co.jp%2Fav%2Fcontent%2F%3Fid%3D65tpd00028&af_id=okd0405-990&ch=api,,,,素人 / 人妻・主婦 / 熟女
h_168jml117,h_168jml117,digital,videoa,仮面一族,2009-05-21 10:00:06,https://video.dmm.co.jp/av/content/?id=h_168jml117,https://al.fanza.co.jp/?lurl=https%3A%2F%2Fvideo.dmm.co.jp%2Fav%2Fcontent%2F%3Fid%3Dh_168jml117&af_id=okd0405-990&ch=api,,,,クンニ / 騎乗位 / 3P・4P
104cjmd00001,104cjmd00001,digital,videoa,痴女の群 16人のスケベな女達,2009-05-21 10:00:05,https://video.dmm.co.jp/av/content/?id=104cjmd00001,https://al.fanza.co.jp/?lurl=https%3A%2F%2Fvideo.dmm.co.jp%2Fav%2Fcontent%2F%3Fid%3D104cjmd00001&af_id=okd0405-990&ch=api,,,,レズビアン / 痴女 / 手コキ / ベスト・総集編 / コスプレ
434pblc001,434pblc001,digital,videoa,HALF MY LIFE FOR SALE,2009-05-21 10:00:04,https://video.dmm.co.jp/av/content/?id=434pblc001,https://al.fanza.co.jp/?lurl=https%3A%2F%2Fvideo.dmm.co.jp%2Fav%2Fcontent%2F%3Fid%3D434pblc001&af_id=okd0405-990&ch=api,,,,騎乗位 / 指マン / フェラ / セーラー服 / ルーズソックス
57mc00653,57mc00653,digital,videoa,貴婦人 野外露出,2009-05-21 10:00:03,https://video.dmm.co.jp/av/content/?id=57mc00653,https://al.fanza.co.jp/?lurl=https%3A%2F%2Fvideo.dmm.co.jp%2Fav%2Fcontent%2F%3Fid%3D57mc00653&af_id=okd0405-990&ch=api,,,,野外・露出 / 人妻・主婦
178sc004,178sc004,digital,videoa,艶もたけ縄4,2009-05-21 10:00:02,https://video.dmm.co.jp/av/content/?id=178sc004,https://al.fanza.co.jp/?lurl=https%3A%2F%2Fvideo.dmm.co.jp%2Fav%2Fcontent%2F%3Fid%3D178sc004&af_id=okd0405-990&ch=api,,,,縛り・緊縛 / 和服・浴衣 / SM
434gasu015,434gasu015,digital,videoa,ビキニとヒップ Tバックビキニでむき出しのオシリ,2009-05-21 10:00:01,https://video.dmm.co.jp/av/content/?id=434gasu015,https://al.fanza.co.jp/?lurl=https%3A%2F%2Fvideo.dmm.co.jp%2Fav%2Fcontent%2F%3Fid%3D434gasu015&af_id=okd0405-990&ch=api,,,,水着 / オナニー / バイブ / ローション・オイル / 尻フェチ
pyyl001,pyyl001,digital,videoa,キレイな形の巨乳ちゃん限定！ハメまくりBEST,2009-05-21 10:00:00,https://video.dmm.co.jp/av/content/?id=pyyl001,https://al.fanza.co.jp/?lurl=https%3A%2F%2Fvideo.dmm.co.jp%2Fav%2Fcontent%2F%3Fid%3Dpyyl001&af_id=okd0405-990&ch=api,,,,インディーズ / 騎乗位 / 巨乳フェチ / 巨乳
181dse00420,181dse00420,digital,videoa,【近親相姦シリーズ】 継母～ままはは～ 二十一,2009-05-21 10:00:00,https://video.dmm.co.jp/av/content/?id=181dse00420,https://al.fanza.co.jp/?lurl=https%3A%2F%2Fvideo.dmm.co.jp%2Fav%2Fcontent%2F%3Fid%3D181dse00420&af_id=okd0405-990&ch=api,,,,近親相姦 / 熟女 / 騎乗位
3nwf00258,3nwf00258,digital,videoa,ANAL VENUS 加藤はる希,2009-05-20 10:00:42,https://video.dmm.co.jp/av/content/?id=3nwf00258,https://al.fanza.co.jp/?lurl=https%3A%2F%2Fvideo.dmm.co.jp%2Fav%2Fcontent%2F%3Fid%3D3nwf00258&af_id=okd0405-990&ch=api,,,,アナルセックス / 単体作品 / ローション・オイル / 浣腸 / 中出し / 独占配信
h_254yoz00038,h_254yoz00038,digital,videoa,顔出しフードルNo.1エロボディ部門第1位 元カリスマヌードモデルゆうこさん,2009-05-20 10:00:41,https://video.dmm.co.jp/av/content/?id=h_254yoz00038,https://al.fanza.co.jp/?lurl=https%3A%2F%2Fvideo.dmm.co.jp%2Fav%2Fcontent%2F%3Fid%3Dh_254yoz00038&af_id=okd0405-990&ch=api,,,,盗撮・のぞき / キャバ嬢・風俗嬢
11armg00045,11armg00045,digital,videoa,女子校生の太股とパンチラ2,2009-05-20 10:00:39,https://video.dmm.co.jp/av/content/?id=11armg00045,https://al.fanza.co.jp/?lurl=https%3A%2F%2Fvideo.dmm.co.jp%2Fav%2Fcontent%2F%3Fid%3D11armg00045&af_id=okd0405-990&ch=api,,,,女子校生 / 脚フェチ / パンチラ / 制服
49mama00101,49mama00101,digital,videoa,エロ年増 9 こんな突き棒が欲しかったの！,2009-05-20 10:00:38,https://video.dmm.co.jp/av/content/?id=49mama00101,https://al.fanza.co.jp/?lurl=https%3A%2F%2Fvideo.dmm.co.jp%2Fav%2Fcontent%2F%3Fid%3D49mama00101&af_id=okd0405-990&ch=api,,,,熟女 / 人妻・主婦
h_254yoz00036,h_254yoz00036,digital,videoa,潜入盗撮 王様になれる超VIPハーレムソープ,2009-05-20 10:00:37,https://video.dmm.co.jp/av/content/?id=h_254yoz00036,https://al.fanza.co.jp/?lurl=https%3A%2F%2Fvideo.dmm.co.jp%2Fav%2Fcontent%2F%3Fid%3Dh_254yoz00036&af_id=okd0405-990&ch=api,,,,3P・4P / 盗撮・のぞき / キャバ嬢・風俗嬢
21pssd00138,21pssd00138,digital,videoa,「熟OLの口はもっと嘘をつく。2」熟雌女anthology special ＃013,2009-05-20 10:00:35,https://video.dmm.co.jp/av/content/?id=21pssd00138,https://al.fanza.co.jp/?lurl=https%3A%2F%2Fvideo.dmm.co.jp%2Fav%2Fcontent%2F%3Fid%3D21pssd00138&af_id=okd0405-990&ch=api,,,,淫語 / OL / 熟女 / ベスト・総集編 / 主観
11armg00046,11armg00046,digital,videoa,突然マ○コいじられ辱しめられちゃった私。,2009-05-20 10:00:34,https://video.dmm.co.jp/av/content/?id=11armg00046,https://al.fanza.co.jp/?lurl=https%3A%2F%2Fvideo.dmm.co.jp%2Fav%2Fcontent%2F%3Fid%3D11armg00046&af_id=okd0405-990&ch=api,,,,制服 / その他フェチ / 潮吹き / 辱め / 指マン
11armd00952,11armd00952,digital,videoa,エロ熟女に騎乗られちゃった僕。その2,2009-05-20 10:00:33,https://video.dmm.co.jp/av/content/?id=11armd00952,https://al.fanza.co.jp/?lurl=https%3A%2F%2Fvideo.dmm.co.jp%2Fav%2Fcontent%2F%3Fid%3D11armd00952&af_id=okd0405-990&ch=api,,,,熟女 / 痴女 / 尻フェチ / 騎乗位 / シックスナイン
3naw00082,3naw00082,digital,videoa,働く女集団 中出しレ●プ4,2009-05-20 10:00:32,https://video.dmm.co.jp/av/content/?id=3naw00082,https://al.fanza.co.jp/?lurl=https%3A%2F%2Fvideo.dmm.co.jp%2Fav%2Fcontent%2F%3Fid%3D3naw00082&af_id=okd0405-990&ch=api,,,,独占配信 / 職業色々 / 中出し / 3P・4P / 辱め
h_254isdn00021,h_254isdn00021,digital,videoa,モテカワ女子大生盗撮部屋 ラブホで恥じめての大胆PLAY りかchan 19才,2009-05-20 10:00:31,https://video.dmm.co.jp/av/content/?id=h_254isdn00021,https://al.fanza.co.jp/?lurl=https%3A%2F%2Fvideo.dmm.co.jp%2Fav%2Fcontent%2F%3Fid%3Dh_254isdn00021&af_id=okd0405-990&ch=api,,,,盗撮・のぞき / 素人 / 女子大生
h_275tdsb00028,h_275tdsb00028,digital,videoa,せんずり見せたらヤレちゃう混浴温泉！？,2009-05-20 10:00:29,https://video.dmm.co.jp/av/content/?id=h_275tdsb00028,https://al.fanza.co.jp/?lurl=https%3A%2F%2Fvideo.dmm.co.jp%2Fav%2Fcontent%2F%3Fid%3Dh_275tdsb00028&af_id=okd0405-990&ch=api,,,,企画 / 素人 / 和服・浴衣
h_275tdsb00029,h_275tdsb00029,digital,videoa,ウブな素人娘に手コキをお願いしました！！ 2,2009-05-20 10:00:28,https://video.dmm.co.jp/av/content/?id=h_275tdsb00029,https://al.fanza.co.jp/?lurl=https%3A%2F%2Fvideo.dmm.co.jp%2Fav%2Fcontent%2F%3Fid%3Dh_275tdsb00029&af_id=okd0405-990&ch=api,,,,企画 / 素人 / 手コキ
11armd00950,11armd00950,digital,videoa,お姉さんはセンズリ見たらもっと興奮しませんか？,2009-05-20 10:00:27,https://video.dmm.co.jp/av/content/?id=11armd00950,https://al.fanza.co.jp/?lurl=https%3A%2F%2Fvideo.dmm.co.jp%2Fav%2Fcontent%2F%3Fid%3D11armd00950&af_id=okd0405-990&ch=api,,,,その他フェチ / お姉さん / 手コキ
h_254isdn00023,h_254isdn00023,digital,videoa,不倫奥様盗撮部屋 バイブおかわりインラン奥様 りえさん 32才,2009-05-20 10:00:26,https://video.dmm.co.jp/av/content/?id=h_254isdn00023,https://al.fanza.co.jp/?lurl=https%3A%2F%2Fvideo.dmm.co.jp%2Fav%2Fcontent%2F%3Fid%3Dh_254isdn00023&af_id=okd0405-990&ch=api,,,,素人 / 盗撮・のぞき / 不倫 / 人妻・主婦
h_254yoz00037,h_254yoz00037,digital,videoa,派遣社員の苦労妻 羞恥心に震える風俗初面接,2009-05-20 10:00:25,https://video.dmm.co.jp/av/content/?id=h_254yoz00037,https://al.fanza.co.jp/?lurl=https%3A%2F%2Fvideo.dmm.co.jp%2Fav%2Fcontent%2F%3Fid%3Dh_254yoz00037&af_id=okd0405-990&ch=api,,,,盗撮・のぞき / 羞恥 / キャバ嬢・風俗嬢 / 人妻・主婦
h_254yoz00039,h_254yoz00039,digital,videoa,潜入リポート本当にあった！女子校生風俗の実態,2009-05-20 10:00:24,https://video.dmm.co.jp/av/content/?id=h_254yoz00039,https://al.fanza.co.jp/?lurl=https%3A%2F%2Fvideo.dmm.co.jp%2Fav%2Fcontent%2F%3Fid%3Dh_254yoz00039&af_id=okd0405-990&ch=api,,,,女子校生 / キャバ嬢・風俗嬢 / 盗撮・のぞき
3naw00081,3naw00081,digital,videoa,脚コキの達人 厳選女優30人4時間,2009-05-20 10:00:23,https://video.dmm.co.jp/av/content/?id=3naw00081,https://al.fanza.co.jp/?lurl=https%3A%2F%2Fvideo.dmm.co.jp%2Fav%2Fcontent%2F%3Fid%3D3naw00081&af_id=okd0405-990&ch=api,,,,独占配信 / 脚フェチ / パンスト・タイツ / 足コキ / 女教師 / お姉さん
49cadv111,49cadv111,digital,videoa,極！！レ●プ 4時間 2,2009-05-20 10:00:21,https://video.dmm.co.jp/av/content/?id=49cadv111,https://al.fanza.co.jp/?lurl=https%3A%2F%2Fvideo.dmm.co.jp%2Fav%2Fcontent%2F%3Fid%3D49cadv111&af_id=okd0405-990&ch=api,,,,巨乳 / OL / 熟女 / 女子校生
h_046kbkd00467,h_046kbkd00467,digital,videoa,近親相姦 還暦母の性欲 谷原香歩・志乃,2009-05-20 10:00:20,https://video.dmm.co.jp/av/content/?id=h_046kbkd00467,https://al.fanza.co.jp/?lurl=https%3A%2F%2Fvideo.dmm.co.jp%2Fav%2Fcontent%2F%3Fid%3Dh_046kbkd00467&af_id=okd0405-990&ch=api,,,,単体作品 / クンニ / お母さん / 近親相姦 / 熟女 / 中出し
h_067rnade390r,h_067rnade390r,digital,videoa,熟女快楽主義 4時間,2009-05-20 10:00:19,https://video.dmm.co.jp/av/content/?id=h_067rnade390r,https://al.fanza.co.jp/?lurl=https%3A%2F%2Fvideo.dmm.co.jp%2Fav%2Fcontent%2F%3Fid%3Dh_067rnade390r&af_id=okd0405-990&ch=api,,,,指マン / 熟女 / 騎乗位
140c01168,140c01168,digital,videoa,少女、拉致、輪●【〇四】制服狩り,2009-05-20 10:00:18,https://video.dmm.co.jp/av/content/?id=140c01168,https://al.fanza.co.jp/?lurl=https%3A%2F%2Fvideo.dmm.co.jp%2Fav%2Fcontent%2F%3Fid%3D140c01168&af_id=okd0405-990&ch=api,,,,野外・露出 / 制服 / 3P・4P
59hsm016,59hsm016,digital,videoa,みらくるナンパ！ アフターのプロはこうしてキャバ嬢にイタズラする！ 3,2009-05-20 10:00:17,https://video.dmm.co.jp/av/content/?id=59hsm016,https://al.fanza.co.jp/?lurl=https%3A%2F%2Fvideo.dmm.co.jp%2Fav%2Fcontent%2F%3Fid%3D59hsm016&af_id=okd0405-990&ch=api,,,,キャバ嬢・風俗嬢 / ハメ撮り / 和服・浴衣 / 素人 / イタズラ
h_101gs00227,h_101gs00227,digital,videoa,主婦援交～良妻賢母の裏バイト～ ［6］,2009-05-20 10:00:16,https://video.dmm.co.jp/av/content/?id=h_101gs00227,https://al.fanza.co.jp/?lurl=https%3A%2F%2Fvideo.dmm.co.jp%2Fav%2Fcontent%2F%3Fid%3Dh_101gs00227&af_id=okd0405-990&ch=api,,,,不倫 / 人妻・主婦 / 電マ
h_167alx432,h_167alx432,digital,videoa,ヤンママW乳搾り,2009-05-20 10:00:15,https://video.dmm.co.jp/av/content/?id=h_167alx432,https://al.fanza.co.jp/?lurl=https%3A%2F%2Fvideo.dmm.co.jp%2Fav%2Fcontent%2F%3Fid%3Dh_167alx432&af_id=okd0405-990&ch=api,,,,騎乗位 / 拘束 / パイズリ / 母乳 / 若妻・幼妻
104gold00003,104gold00003,digital,videoa,Golden Fuck 2,2009-05-20 10:00:14,https://video.dmm.co.jp/av/content/?id=104gold00003,https://al.fanza.co.jp/?lurl=https%3A%2F%2Fvideo.dmm.co.jp%2Fav%2Fcontent%2F%3Fid%3D104gold00003&af_id=okd0405-990&ch=api,,,,騎乗位 / 3P・4P / フェラ / その他フェチ
h_170vnds1041,h_170vnds1041,digital,videoa,スポエロ王座決定戦,2009-05-20 10:00:13,https://video.dmm.co.jp/av/content/?id=h_170vnds1041,https://al.fanza.co.jp/?lurl=https%3A%2F%2Fvideo.dmm.co.jp%2Fav%2Fcontent%2F%3Fid%3Dh_170vnds1041&af_id=okd0405-990&ch=api,,,,企画 / 美乳 / フェラ / 指マン
189dcm00001,189dcm00001,digital,videoa,COSMATE 01 杏ちはや,2009-05-20 10:00:11,https://video.dmm.co.jp/av/content/?id=189dcm00001,https://al.fanza.co.jp/?lurl=https%3A%2F%2Fvideo.dmm.co.jp%2Fav%2Fcontent%2F%3Fid%3D189dcm00001&af_id=okd0405-990&ch=api,,,,コスプレ / ミニ系 / 顔射 / 拘束 / 単体作品
104gswd00010,104gswd00010,digital,videoa,GOLD SHOWER Vol.10,2009-05-20 10:00:10,https://video.dmm.co.jp/av/content/?id=104gswd00010,https://al.fanza.co.jp/?lurl=https%3A%2F%2Fvideo.dmm.co.jp%2Fav%2Fcontent%2F%3Fid%3D104gswd00010&af_id=okd0405-990&ch=api,,,,バイブ / 放尿・お漏らし / オナニー / 白人女優 / ギャル
433mbd134,433mbd134,digital,videoa,芸能モデル事務所社長 ハメ撮り記録,2009-05-20 10:00:08,https://video.dmm.co.jp/av/content/?id=433mbd134,https://al.fanza.co.jp/?lurl=https%3A%2F%2Fvideo.dmm.co.jp%2Fav%2Fcontent%2F%3Fid%3D433mbd134&af_id=okd0405-990&ch=api,,,,騎乗位 / ローター / フェラ / オナニー / ハメ撮り
57mc00649,57mc00649,digital,videoa,艶熟女 下町江戸ッ子,2009-05-20 10:00:07,https://video.dmm.co.jp/av/content/?id=57mc00649,https://al.fanza.co.jp/?lurl=https%3A%2F%2Fvideo.dmm.co.jp%2Fav%2Fcontent%2F%3Fid%3D57mc00649&af_id=okd0405-990&ch=api,,,,熟女 / おもちゃ / 騎乗位 / オナニー
41gls00004,41gls00004,digital,videoa,pure 女の子たちの恥ずかしい告白 ～twentieth century～,2009-05-20 10:00:06,https://video.dmm.co.jp/av/content/?id=41gls00004,https://al.fanza.co.jp/?lurl=https%3A%2F%2Fvideo.dmm.co.jp%2Fav%2Fcontent%2F%3Fid%3D41gls00004&af_id=okd0405-990&ch=api,,,,ドキュメンタリー / チャイナドレス
52fe00215,52fe00215,digital,videoa,女教師 危険な性白書,2009-05-20 10:00:05,https://video.dmm.co.jp/av/content/?id=52fe00215,https://al.fanza.co.jp/?lurl=https%3A%2F%2Fvideo.dmm.co.jp%2Fav%2Fcontent%2F%3Fid%3D52fe00215&af_id=okd0405-990&ch=api,,,,女教師 / パンスト・タイツ / 指マン / 騎乗位 / 美乳
434gasu014,434gasu014,digital,videoa,Eros Passion,2009-05-20 10:00:03,https://video.dmm.co.jp/av/content/?id=434gasu014,https://al.fanza.co.jp/?lurl=https%3A%2F%2Fvideo.dmm.co.jp%2Fav%2Fcontent%2F%3Fid%3D434gasu014&af_id=okd0405-990&ch=api,,,,ミニスカ / ローター / フェラ / その他フェチ / ギャル
61rmd00048,61rmd00048,digital,videoa,レ●プエンジェル 13人のおかされた天使たち,2009-05-20 10:00:01,https://video.dmm.co.jp/av/content/?id=61rmd00048,https://al.fanza.co.jp/?lurl=https%3A%2F%2Fvideo.dmm.co.jp%2Fav%2Fcontent%2F%3Fid%3D61rmd00048&af_id=okd0405-990&ch=api,,,,ベスト・総集編 / 監禁
prwl001,prwl001,digital,videoa,ラブホ・マンション盗撮覗かれたカップル達,2009-05-20 10:00:00,https://video.dmm.co.jp/av/content/?id=prwl001,https://al.fanza.co.jp/?lurl=https%3A%2F%2Fvideo.dmm.co.jp%2Fav%2Fcontent%2F%3Fid%3Dprwl001&af_id=okd0405-990&ch=api,,,,カップル / インディーズ / 素人 / 盗撮・のぞき
soe00223,soe00223,digital,videoa,了解×ギリモザ 新人ギリモザ 桐原エリカ,2009-05-19 10:00:50,https://video.dmm.co.jp/av/content/?id=soe00223,https://al.fanza.co.jp/?lurl=https%3A%2F%2Fvideo.dmm.co.jp%2Fav%2Fcontent%2F%3Fid%3Dsoe00223&af_id=okd0405-990&ch=api,,,,クンニ / 巨乳 / 手コキ / 潮吹き / ギリモザ / 独占配信 / 単体作品
soe00218,soe00218,digital,videoa,NO.1STYLE×ギリモザ 騎乗位ハメ狂い かすみりさ,2009-05-19 10:00:48,https://video.dmm.co.jp/av/content/?id=soe00218,https://al.fanza.co.jp/?lurl=https%3A%2F%2Fvideo.dmm.co.jp%2Fav%2Fcontent%2F%3Fid%3Dsoe00218&af_id=okd0405-990&ch=api,,,,パイズリ / 騎乗位 / ギリモザ / 3P・4P / 独占配信 / 単体作品
soe00222,soe00222,digital,videoa,パーフェクトスタイル×ギリモザ 貴男に見られてビショ濡れ 桜ここみ,2009-05-19 10:00:47,https://video.dmm.co.jp/av/content/?id=soe00222,https://al.fanza.co.jp/?lurl=https%3A%2F%2Fvideo.dmm.co.jp%2Fav%2Fcontent%2F%3Fid%3Dsoe00222&af_id=okd0405-990&ch=api,,,,巨乳 / 騎乗位 / 潮吹き / 3P・4P / ギリモザ / 独占配信 / 単体作品
soe00217,soe00217,digital,videoa,ギリモザ 猥褻痴● 麻美ゆま,2009-05-19 10:00:46,https://video.dmm.co.jp/av/content/?id=soe00217,https://al.fanza.co.jp/?lurl=https%3A%2F%2Fvideo.dmm.co.jp%2Fav%2Fcontent%2F%3Fid%3Dsoe00217&af_id=okd0405-990&ch=api,,,,手コキ / 3P・4P / ギリモザ / 独占配信 / 単体作品
1sdms652,1sdms652,digital,videoa,芸能人 琴乃 あなたに見せたい20のコスチューム＋1 4時間DX,2009-05-19 10:00:45,https://video.dmm.co.jp/av/content/?id=1sdms652,https://al.fanza.co.jp/?lurl=https%3A%2F%2Fvideo.dmm.co.jp%2Fav%2Fcontent%2F%3Fid%3D1sdms652&af_id=okd0405-990&ch=api,,,,単体作品 / 中出し / 裸エプロン / アイドル・芸能人 / コスプレ
mvsd00084,mvsd00084,digital,videoa,おしゃぶりVENUS nao. 水城奈緒 妃乃ひかり 真田春香,2009-05-19 10:00:44,https://video.dmm.co.jp/av/content/?id=mvsd00084,https://al.fanza.co.jp/?lurl=https%3A%2F%2Fvideo.dmm.co.jp%2Fav%2Fcontent%2F%3Fid%3Dmvsd00084&af_id=okd0405-990&ch=api,,,,乱交 / フェラ / ごっくん / 3P・4P / ローション・オイル / 独占配信
soe00215,soe00215,digital,videoa,ギリモザ 巨乳女教師の誘惑 佐山愛,2009-05-19 10:00:42,https://video.dmm.co.jp/av/content/?id=soe00215,https://al.fanza.co.jp/?lurl=https%3A%2F%2Fvideo.dmm.co.jp%2Fav%2Fcontent%2F%3Fid%3Dsoe00215&af_id=okd0405-990&ch=api,,,,女教師 / 巨乳 / パイズリ / 3P・4P / ギリモザ / 独占配信 / 単体作品
annd00037,annd00037,digital,videoa,絶頂お漏らし失禁アクメレズビアン 伊藤あずさ 川上ゆう 佐伯奈々,2009-05-19 10:00:41,https://video.dmm.co.jp/av/content/?id=annd00037,https://al.fanza.co.jp/?lurl=https%3A%2F%2Fvideo.dmm.co.jp%2Fav%2Fcontent%2F%3Fid%3Dannd00037&af_id=okd0405-990&ch=api,,,,独占配信 / レズビアン / 放尿・お漏らし / 潮吹き / 指マン / レズキス
bult00008,bult00008,digital,videoa,ピクシースマイル 小○生あんずちゃん○才,2009-05-19 10:00:39,https://video.dmm.co.jp/av/content/?id=bult00008,https://al.fanza.co.jp/?lurl=https%3A%2F%2Fvideo.dmm.co.jp%2Fav%2Fcontent%2F%3Fid%3Dbult00008&af_id=okd0405-990&ch=api,,,,制服 / ミニ系 / 競泳・スクール水着 / イメージビデオ
tyod00047,tyod00047,digital,videoa,中に当たるとヨダレが垂れちゃう。 早乙女ルイ,2009-05-19 10:00:36,https://video.dmm.co.jp/av/content/?id=tyod00047,https://al.fanza.co.jp/?lurl=https%3A%2F%2Fvideo.dmm.co.jp%2Fav%2Fcontent%2F%3Fid%3Dtyod00047&af_id=okd0405-990&ch=api,,,,独占配信 / 指マン / 騎乗位 / 淫乱・ハード系 / 単体作品 / イラマチオ
rki00014,rki00014,digital,videoa,THE AV WORLD SPECIAL 選び抜かれた巨乳美女 夢の24時間 SPECIAL BOX,2009-05-19 10:00:35,https://video.dmm.co.jp/av/content/?id=rki00014,https://al.fanza.co.jp/?lurl=https%3A%2F%2Fvideo.dmm.co.jp%2Fav%2Fcontent%2F%3Fid%3Drki00014&af_id=okd0405-990&ch=api,,,,16時間以上作品 / 巨乳 / ベスト・総集編 / 独占配信
mvsd00086,mvsd00086,digital,videoa,欲しがる美女の2穴生中出しFUCK 須真杏里 白石優,2009-05-19 10:00:34,https://video.dmm.co.jp/av/content/?id=mvsd00086,https://al.fanza.co.jp/?lurl=https%3A%2F%2Fvideo.dmm.co.jp%2Fav%2Fcontent%2F%3Fid%3Dmvsd00086&af_id=okd0405-990&ch=api,,,,独占配信 / 騎乗位 / 中出し / アナル / 3P・4P / 指マン
ppud00002,ppud00002,digital,videoa,122cmOcup TAMAKI,2009-05-19 10:00:33,https://video.dmm.co.jp/av/content/?id=ppud00002,https://al.fanza.co.jp/?lurl=https%3A%2F%2Fvideo.dmm.co.jp%2Fav%2Fcontent%2F%3Fid%3Dppud00002&af_id=okd0405-990&ch=api,,,,独占配信 / 巨乳 / 巨乳フェチ / 中出し / パイズリ / 3P・4P
tyod00046,tyod00046,digital,videoa,10秒でイック！ 青木玲,2009-05-19 10:00:32,https://video.dmm.co.jp/av/content/?id=tyod00046,https://al.fanza.co.jp/?lurl=https%3A%2F%2Fvideo.dmm.co.jp%2Fav%2Fcontent%2F%3Fid%3Dtyod00046&af_id=okd0405-990&ch=api,,,,独占配信 / 指マン / 顔射 / 騎乗位 / 淫乱・ハード系 / 単体作品
tyod00045,tyod00045,digital,videoa,イキすぎてピクピクピックン！！ 水城奈緒,2009-05-19 10:00:31,https://video.dmm.co.jp/av/content/?id=tyod00045,https://al.fanza.co.jp/?lurl=https%3A%2F%2Fvideo.dmm.co.jp%2Fav%2Fcontent%2F%3Fid%3Dtyod00045&af_id=okd0405-990&ch=api,,,,独占配信 / 3P・4P / 騎乗位 / 淫乱・ハード系 / 単体作品
crpd00301,crpd00301,digital,videoa,女だけのペニバン乱交巨乳レズ,2009-05-19 10:00:30,https://video.dmm.co.jp/av/content/?id=crpd00301,https://al.fanza.co.jp/?lurl=https%3A%2F%2Fvideo.dmm.co.jp%2Fav%2Fcontent%2F%3Fid%3Dcrpd00301&af_id=okd0405-990&ch=api,,,,独占配信 / 巨乳 / レズビアン / おもちゃ
alb00034,alb00034,digital,videoa,Hカップボイン素人ナマ中出し けいこ,2009-05-19 10:00:29,https://video.dmm.co.jp/av/content/?id=alb00034,https://al.fanza.co.jp/?lurl=https%3A%2F%2Fvideo.dmm.co.jp%2Fav%2Fcontent%2F%3Fid%3Dalb00034&af_id=okd0405-990&ch=api,,,,独占配信 / 巨乳 / めがね / 素人 / 中出し / パイズリ
ppsd00014,ppsd00014,digital,videoa,110cmIcup 103cmKcup 100cmIcup 奇跡のトリプル爆乳 愛あいり 浅田ちち 榊ひなの,2009-05-19 10:00:28,https://video.dmm.co.jp/av/content/?id=ppsd00014,https://al.fanza.co.jp/?lurl=https%3A%2F%2Fvideo.dmm.co.jp%2Fav%2Fcontent%2F%3Fid%3Dppsd00014&af_id=okd0405-990&ch=api,,,,独占配信 / 巨乳 / 乱交 / 巨乳フェチ / 中出し / 3P・4P
soe00221,soe00221,digital,videoa,ギリモザ 失禁羞恥エクスタシー 長澤あずさ,2009-05-19 10:00:27,https://video.dmm.co.jp/av/content/?id=soe00221,https://al.fanza.co.jp/?lurl=https%3A%2F%2Fvideo.dmm.co.jp%2Fav%2Fcontent%2F%3Fid%3Dsoe00221&af_id=okd0405-990&ch=api,,,,羞恥 / 巨乳 / 放尿・お漏らし / 3P・4P / ギリモザ / 独占配信 / 単体作品
soe00219,soe00219,digital,videoa,ギリモザ 美しい痴女の接吻と性交 相内リカ,2009-05-19 10:00:26,https://video.dmm.co.jp/av/content/?id=soe00219,https://al.fanza.co.jp/?lurl=https%3A%2F%2Fvideo.dmm.co.jp%2Fav%2Fcontent%2F%3Fid%3Dsoe00219&af_id=okd0405-990&ch=api,,,,キス・接吻 / 痴女 / 巨乳 / 騎乗位 / パイズリ / ギリモザ / 独占配信 / 単体作品
alb00033,alb00033,digital,videoa,Gカップボイン素人ナマ中出し えみこ,2009-05-19 10:00:25,https://video.dmm.co.jp/av/content/?id=alb00033,https://al.fanza.co.jp/?lurl=https%3A%2F%2Fvideo.dmm.co.jp%2Fav%2Fcontent%2F%3Fid%3Dalb00033&af_id=okd0405-990&ch=api,,,,独占配信 / 巨乳 / 素人 / 中出し / パイズリ / 顔射
mvfd00034,mvfd00034,digital,videoa,巨乳凌● エミリ・ルカ・ミレイ,2009-05-19 10:00:24,https://video.dmm.co.jp/av/content/?id=mvfd00034,https://al.fanza.co.jp/?lurl=https%3A%2F%2Fvideo.dmm.co.jp%2Fav%2Fcontent%2F%3Fid%3Dmvfd00034&af_id=okd0405-990&ch=api,,,,独占配信 / 辱め / 巨乳 / 乱交 / 中出し / パイズリ
tyod00048,tyod00048,digital,videoa,実録 淫舌女王 星優乃,2009-05-19 10:00:23,https://video.dmm.co.jp/av/content/?id=tyod00048,https://al.fanza.co.jp/?lurl=https%3A%2F%2Fvideo.dmm.co.jp%2Fav%2Fcontent%2F%3Fid%3Dtyod00048&af_id=okd0405-990&ch=api,,,,単体作品 / 淫乱・ハード系 / フェラ / 指マン / 独占配信
pppd00052,pppd00052,digital,videoa,94cmIcup RAMU,2009-05-19 10:00:21,https://video.dmm.co.jp/av/content/?id=pppd00052,https://al.fanza.co.jp/?lurl=https%3A%2F%2Fvideo.dmm.co.jp%2Fav%2Fcontent%2F%3Fid%3Dpppd00052&af_id=okd0405-990&ch=api,,,,独占配信 / 巨乳 / 巨乳フェチ / 中出し / 潮吹き / パイズリ
kifd00004,kifd00004,digital,videoa,kira☆kira Festival 素人G-CUPギャル☆温泉中出し物語 レイナ,2009-05-19 10:00:19,https://video.dmm.co.jp/av/content/?id=kifd00004,https://al.fanza.co.jp/?lurl=https%3A%2F%2Fvideo.dmm.co.jp%2Fav%2Fcontent%2F%3Fid%3Dkifd00004&af_id=okd0405-990&ch=api,,,,独占配信 / ギャル / 巨乳 / 素人 / 中出し / パイズリ
mvfd00033,mvfd00033,digital,videoa,ハメられた純真女子大生 ルイ,2009-05-19 10:00:18,https://video.dmm.co.jp/av/content/?id=mvfd00033,https://al.fanza.co.jp/?lurl=https%3A%2F%2Fvideo.dmm.co.jp%2Fav%2Fcontent%2F%3Fid%3Dmvfd00033&af_id=okd0405-990&ch=api,,,,独占配信 / 拘束 / 女子大生 / 騎乗位 / 中出し / 3P・4P
rki00021,rki00021,digital,videoa,巨乳コギャルズW痴女 澄川ロア 仲村ろみひ,2009-05-19 10:00:15,https://video.dmm.co.jp/av/content/?id=rki00021,https://al.fanza.co.jp/?lurl=https%3A%2F%2Fvideo.dmm.co.jp%2Fav%2Fcontent%2F%3Fid%3Drki00021&af_id=okd0405-990&ch=api,,,,ギャル / 痴女 / 巨乳 / 騎乗位 / パイズリ / 独占配信
pppd00053,pppd00053,digital,videoa,88cmHcup YUI,2009-05-19 10:00:14,https://video.dmm.co.jp/av/content/?id=pppd00053,https://al.fanza.co.jp/?lurl=https%3A%2F%2Fvideo.dmm.co.jp%2Fav%2Fcontent%2F%3Fid%3Dpppd00053&af_id=okd0405-990&ch=api,,,,独占配信 / 巨乳 / 巨乳フェチ / 中出し / パイズリ / 3P・4P
alb00032,alb00032,digital,videoa,Gカップボイン素人ナマ中出し ひな,2009-05-19 10:00:13,https://video.dmm.co.jp/av/content/?id=alb00032,https://al.fanza.co.jp/?lurl=https%3A%2F%2Fvideo.dmm.co.jp%2Fav%2Fcontent%2F%3Fid%3Dalb00032&af_id=okd0405-990&ch=api,,,,独占配信 / 女子大生 / 巨乳 / 素人 / 中出し / パイズリ
76elo00219,76elo00219,digital,videoa,黒ストッキング足コキ,2009-05-19 10:00:12,https://video.dmm.co.jp/av/content/?id=76elo00219,https://al.fanza.co.jp/?lurl=https%3A%2F%2Fvideo.dmm.co.jp%2Fav%2Fcontent%2F%3Fid%3D76elo00219&af_id=okd0405-990&ch=api,,,,パンスト・タイツ / 脚フェチ / 足コキ / デジモ / 独占配信
mvbd00034,mvbd00034,digital,videoa,ゴックン美女大全集,2009-05-19 10:00:11,https://video.dmm.co.jp/av/content/?id=mvbd00034,https://al.fanza.co.jp/?lurl=https%3A%2F%2Fvideo.dmm.co.jp%2Fav%2Fcontent%2F%3Fid%3Dmvbd00034&af_id=okd0405-990&ch=api,,,,独占配信 / フェラ / ごっくん / 顔射 / ベスト・総集編
rki00022,rki00022,digital,videoa,制服美人お姉さん26人の、濃厚スペルマごっくん手コキ240分！,2009-05-19 10:00:09,https://video.dmm.co.jp/av/content/?id=rki00022,https://al.fanza.co.jp/?lurl=https%3A%2F%2Fvideo.dmm.co.jp%2Fav%2Fcontent%2F%3Fid%3Drki00022&af_id=okd0405-990&ch=api,,,,独占配信 / 制服 / フェラ / 手コキ / ごっくん / パイズリ
rki00020,rki00020,digital,videoa,究極美少女の処女喪失 有村みき,2009-05-19 10:00:08,https://video.dmm.co.jp/av/content/?id=rki00020,https://al.fanza.co.jp/?lurl=https%3A%2F%2Fvideo.dmm.co.jp%2Fav%2Fcontent%2F%3Fid%3Drki00020&af_id=okd0405-990&ch=api,,,,処女 / 美少女 / ドキュメンタリー / 3P・4P / 独占配信 / 単体作品
pppd00054,pppd00054,digital,videoa,パイズリパラダイス4,2009-05-19 10:00:07,https://video.dmm.co.jp/av/content/?id=pppd00054,https://al.fanza.co.jp/?lurl=https%3A%2F%2Fvideo.dmm.co.jp%2Fav%2Fcontent%2F%3Fid%3Dpppd00054&af_id=okd0405-990&ch=api,,,,独占配信 / 巨乳 / 巨乳フェチ / パイズリ
pppd00051,pppd00051,digital,videoa,108cmKcup OL 青木りん,2009-05-19 10:00:06,https://video.dmm.co.jp/av/content/?id=pppd00051,https://al.fanza.co.jp/?lurl=https%3A%2F%2Fvideo.dmm.co.jp%2Fav%2Fcontent%2F%3Fid%3Dpppd00051&af_id=okd0405-990&ch=api,,,,単体作品 / 独占配信 / OL / 巨乳 / 巨乳フェチ / 中出し / パイズリ
mtvb00001,mtvb00001,digital,videoa,もっこりテレビ開局1周年記念作品集 8時間100人一挙モロ出し祭り！,2009-05-19 10:00:05,https://video.dmm.co.jp/av/content/?id=mtvb00001,https://al.fanza.co.jp/?lurl=https%3A%2F%2Fvideo.dmm.co.jp%2Fav%2Fcontent%2F%3Fid%3Dmtvb00001&af_id=okd0405-990&ch=api,,,,企画 / ベスト・総集編 / 独占配信
kird00124,kird00124,digital,videoa,DOUBLE☆爆乳GALS 秋川ルイ 水森れん,2009-05-19 10:00:04,https://video.dmm.co.jp/av/content/?id=kird00124,https://al.fanza.co.jp/?lurl=https%3A%2F%2Fvideo.dmm.co.jp%2Fav%2Fcontent%2F%3Fid%3Dkird00124&af_id=okd0405-990&ch=api,,,,独占配信 / パイズリ / 3P・4P / 巨乳 / 騎乗位 / 潮吹き
76elo00218,76elo00218,digital,videoa,人妻潮吹き町内会 佐伯奈々 高坂保奈美 水野美香 阿藤ゆう,2009-05-19 10:00:03,https://video.dmm.co.jp/av/content/?id=76elo00218,https://al.fanza.co.jp/?lurl=https%3A%2F%2Fvideo.dmm.co.jp%2Fav%2Fcontent%2F%3Fid%3D76elo00218&af_id=okd0405-990&ch=api,,,,独占配信 / 乱交 / 潮吹き / 指マン / デジモ / 人妻・主婦
odv00244,odv00244,digital,videoa,インテリ女子大生の変態臭色活動,2009-05-19 10:00:02,https://video.dmm.co.jp/av/content/?id=odv00244,https://al.fanza.co.jp/?lurl=https%3A%2F%2Fvideo.dmm.co.jp%2Fav%2Fcontent%2F%3Fid%3Dodv00244&af_id=okd0405-990&ch=api,,,,女子大生 / その他フェチ / スカトロ / 脱糞
rki00017,rki00017,digital,videoa,第1回 健康成年男子6000人にアンケートをとりました！ アナタが選ぶスケベ～な妄想ベスト10！！,2009-05-19 10:00:01,https://video.dmm.co.jp/av/content/?id=rki00017,https://al.fanza.co.jp/?lurl=https%3A%2F%2Fvideo.dmm.co.jp%2Fav%2Fcontent%2F%3Fid%3Drki00017&af_id=okd0405-990&ch=api,,,,独占配信 / その他フェチ / 企画 / 巨乳 / 痴女
sono00018,sono00018,digital,videoa,女性専科！！レディースホテルの実態 Vol.2,2009-05-19 10:00:00,https://video.dmm.co.jp/av/content/?id=sono00018,https://al.fanza.co.jp/?lurl=https%3A%2F%2Fvideo.dmm.co.jp%2Fav%2Fcontent%2F%3Fid%3Dsono00018&af_id=okd0405-990&ch=api,,,,盗撮・のぞき
snpg00004,snpg00004,digital,videoa,人妻エステ盗撮最前線 必ずイカせてくれるウワサの女エステ師 Vol.2,2009-05-19 10:00:00,https://video.dmm.co.jp/av/content/?id=snpg00004,https://al.fanza.co.jp/?lurl=https%3A%2F%2Fvideo.dmm.co.jp%2Fav%2Fcontent%2F%3Fid%3Dsnpg00004&af_id=okd0405-990&ch=api,,,,エステ / 盗撮・のぞき / その他フェチ / 人妻・主婦 / 熟女 / 独占配信
snpg00003,snpg00003,digital,videoa,金粉エステ盗撮,2009-05-19 10:00:00,https://video.dmm.co.jp/av/content/?id=snpg00003,https://al.fanza.co.jp/?lurl=https%3A%2F%2Fvideo.dmm.co.jp%2Fav%2Fcontent%2F%3Fid%3Dsnpg00003&af_id=okd0405-990&ch=api,,,,エステ / 電マ / 指マン / 盗撮・のぞき / 独占配信
smm00025,smm00025,digital,videoa,全て丸見え覗いて民家 ［第25号］ stage3,2009-05-19 10:00:00,https://video.dmm.co.jp/av/content/?id=smm00025,https://al.fanza.co.jp/?lurl=https%3A%2F%2Fvideo.dmm.co.jp%2Fav%2Fcontent%2F%3Fid%3Dsmm00025&af_id=okd0405-990&ch=api,,,,盗撮・のぞき / ベスト・総集編
rki00018,rki00018,digital,videoa,港のヨーコ c/w チャコの湘南物語,2009-05-19 10:00:00,https://video.dmm.co.jp/av/content/?id=rki00018,https://al.fanza.co.jp/?lurl=https%3A%2F%2Fvideo.dmm.co.jp%2Fav%2Fcontent%2F%3Fid%3Drki00018&af_id=okd0405-990&ch=api,,,,素人 / 騎乗位 / 潮吹き / 顔射 / 独占配信
rki00016,rki00016,digital,videoa,とめどなく溢れる愛液 LOVE JUICE nao.,2009-05-19 10:00:00,https://video.dmm.co.jp/av/content/?id=rki00016,https://al.fanza.co.jp/?lurl=https%3A%2F%2Fvideo.dmm.co.jp%2Fav%2Fcontent%2F%3Fid%3Drki00016&af_id=okd0405-990&ch=api,,,,中出し / ぶっかけ / 潮吹き / 3P・4P / 顔射 / 独占配信 / 単体作品
ppbd00006,ppbd00006,digital,videoa,OPPAIMANIA PERFECTBEST4時間,2009-05-19 10:00:00,https://video.dmm.co.jp/av/content/?id=ppbd00006,https://al.fanza.co.jp/?lurl=https%3A%2F%2Fvideo.dmm.co.jp%2Fav%2Fcontent%2F%3Fid%3Dppbd00006&af_id=okd0405-990&ch=api,,,,独占配信 / 巨乳 / 巨乳フェチ / ベスト・総集編
ppbd00005,ppbd00005,digital,videoa,揺れる爆乳！騎乗位 BEST FUCK4時間,2009-05-19 10:00:00,https://video.dmm.co.jp/av/content/?id=ppbd00005,https://al.fanza.co.jp/?lurl=https%3A%2F%2Fvideo.dmm.co.jp%2Fav%2Fcontent%2F%3Fid%3Dppbd00005&af_id=okd0405-990&ch=api,,,,巨乳 / 巨乳フェチ / 騎乗位 / ベスト・総集編 / 独占配信
onsd00325,onsd00325,digital,videoa,アナタだけにおねだりセックス4時間,2009-05-19 10:00:00,https://video.dmm.co.jp/av/content/?id=onsd00325,https://al.fanza.co.jp/?lurl=https%3A%2F%2Fvideo.dmm.co.jp%2Fav%2Fcontent%2F%3Fid%3Donsd00325&af_id=okd0405-990&ch=api,,,,独占配信 / 制服 / 巨乳 / 騎乗位 / 指マン
onsd00323,onsd00323,digital,videoa,アナル丸見え！バコバコFUCK4時間,2009-05-19 10:00:00,https://video.dmm.co.jp/av/content/?id=onsd00323,https://al.fanza.co.jp/?lurl=https%3A%2F%2Fvideo.dmm.co.jp%2Fav%2Fcontent%2F%3Fid%3Donsd00323&af_id=okd0405-990&ch=api,,,,独占配信 / 巨乳 / 騎乗位 / 3P・4P
onsd00322,onsd00322,digital,videoa,男喰い騎乗位4時間,2009-05-19 10:00:00,https://video.dmm.co.jp/av/content/?id=onsd00322,https://al.fanza.co.jp/?lurl=https%3A%2F%2Fvideo.dmm.co.jp%2Fav%2Fcontent%2F%3Fid%3Donsd00322&af_id=okd0405-990&ch=api,,,,独占配信 / 美乳 / 巨乳 / 騎乗位
onsd00321,onsd00321,digital,videoa,超極上ボディスペシャル8時間2,2009-05-19 10:00:00,https://video.dmm.co.jp/av/content/?id=onsd00321,https://al.fanza.co.jp/?lurl=https%3A%2F%2Fvideo.dmm.co.jp%2Fav%2Fcontent%2F%3Fid%3Donsd00321&af_id=okd0405-990&ch=api,,,,独占配信 / 美乳 / 巨乳 / 騎乗位 / 指マン
mtv00019,mtv00019,digital,videoa,一般女性たちの混浴おねだり風呂 2,2009-05-19 10:00:00,https://video.dmm.co.jp/av/content/?id=mtv00019,https://al.fanza.co.jp/?lurl=https%3A%2F%2Fvideo.dmm.co.jp%2Fav%2Fcontent%2F%3Fid%3Dmtv00019&af_id=okd0405-990&ch=api,,,,独占配信 / 企画 / 素人 / フェラ / 手コキ
mbgk00002,mbgk00002,digital,videoa,貴女のエッチ高く買います！002 映像提供 投稿コレクター松井浩,2009-05-19 10:00:00,https://video.dmm.co.jp/av/content/?id=mbgk00002,https://al.fanza.co.jp/?lurl=https%3A%2F%2Fvideo.dmm.co.jp%2Fav%2Fcontent%2F%3Fid%3Dmbgk00002&af_id=okd0405-990&ch=api,,,,投稿 / オナニー / 騎乗位 / 素人
mard00222,mard00222,digital,videoa,マリア人妻淫乱ランキングベスト10,2009-05-19 10:00:00,https://video.dmm.co.jp/av/content/?id=mard00222,https://al.fanza.co.jp/?lurl=https%3A%2F%2Fvideo.dmm.co.jp%2Fav%2Fcontent%2F%3Fid%3Dmard00222&af_id=okd0405-990&ch=api,,,,熟女 / 人妻・主婦 / 騎乗位 / 独占配信
mard00221,mard00221,digital,videoa,マリア熟女巨尻4時間スペシャル,2009-05-19 10:00:00,https://video.dmm.co.jp/av/content/?id=mard00221,https://al.fanza.co.jp/?lurl=https%3A%2F%2Fvideo.dmm.co.jp%2Fav%2Fcontent%2F%3Fid%3Dmard00221&af_id=okd0405-990&ch=api,,,,熟女 / 巨乳 / 尻フェチ / 騎乗位 / 独占配信
mard00220,mard00220,digital,videoa,マリア熟女大昇天4時間スペシャル,2009-05-19 10:00:00,https://video.dmm.co.jp/av/content/?id=mard00220,https://al.fanza.co.jp/?lurl=https%3A%2F%2Fvideo.dmm.co.jp%2Fav%2Fcontent%2F%3Fid%3Dmard00220&af_id=okd0405-990&ch=api,,,,クンニ / 熟女 / 騎乗位 / 独占配信
mard00219,mard00219,digital,videoa,おふくろさん 総集編,2009-05-19 10:00:00,https://video.dmm.co.jp/av/content/?id=mard00219,https://al.fanza.co.jp/?lurl=https%3A%2F%2Fvideo.dmm.co.jp%2Fav%2Fcontent%2F%3Fid%3Dmard00219&af_id=okd0405-990&ch=api,,,,熟女 / お母さん / 中出し / ベスト・総集編 / 独占配信
kljx001,kljx001,digital,videoa,レ●プ総集編 8時間,2009-05-19 10:00:00,https://video.dmm.co.jp/av/content/?id=kljx001,https://al.fanza.co.jp/?lurl=https%3A%2F%2Fvideo.dmm.co.jp%2Fav%2Fcontent%2F%3Fid%3Dkljx001&af_id=okd0405-990&ch=api,,,,インディーズ / ベスト・総集編 / 3P・4P
kird00126,kird00126,digital,videoa,kira☆kiraフェラチオ学園祭 Vol.4,2009-05-19 10:00:00,https://video.dmm.co.jp/av/content/?id=kird00126,https://al.fanza.co.jp/?lurl=https%3A%2F%2Fvideo.dmm.co.jp%2Fav%2Fcontent%2F%3Fid%3Dkird00126&af_id=okd0405-990&ch=api,,,,独占配信 / 制服 / 女子校生 / ギャル / フェラ
kird00125,kird00125,digital,videoa,CHARISMA☆MODEL 春菜りお,2009-05-19 10:00:00,https://video.dmm.co.jp/av/content/?id=kird00125,https://al.fanza.co.jp/?lurl=https%3A%2F%2Fvideo.dmm.co.jp%2Fav%2Fcontent%2F%3Fid%3Dkird00125&af_id=okd0405-990&ch=api,,,,単体作品 / 独占配信 / 制服 / ギャル / 3P・4P / 顔射 / 指マン
kibd00037,kibd00037,digital,videoa,kira☆kira BEST DANCING GALS24人4時間,2009-05-19 10:00:00,https://video.dmm.co.jp/av/content/?id=kibd00037,https://al.fanza.co.jp/?lurl=https%3A%2F%2Fvideo.dmm.co.jp%2Fav%2Fcontent%2F%3Fid%3Dkibd00037&af_id=okd0405-990&ch=api,,,,独占配信 / ダンス / 騎乗位 / ベスト・総集編
kibd00036,kibd00036,digital,videoa,kira☆kira BEST 超人気！高セールス14GALS4時間,2009-05-19 10:00:00,https://video.dmm.co.jp/av/content/?id=kibd00036,https://al.fanza.co.jp/?lurl=https%3A%2F%2Fvideo.dmm.co.jp%2Fav%2Fcontent%2F%3Fid%3Dkibd00036&af_id=okd0405-990&ch=api,,,,独占配信 / ベスト・総集編 / ギャル / 騎乗位
kbe00006,kbe00006,digital,videoa,女子校生9人いろんな初体験！！,2009-05-19 10:00:00,https://video.dmm.co.jp/av/content/?id=kbe00006,https://al.fanza.co.jp/?lurl=https%3A%2F%2Fvideo.dmm.co.jp%2Fav%2Fcontent%2F%3Fid%3Dkbe00006&af_id=okd0405-990&ch=api,,,,独占配信 / 制服 / 女子校生 / 騎乗位 / 指マン
kbe00005,kbe00005,digital,videoa,女子校生乱交BEST！！4時間！！,2009-05-19 10:00:00,https://video.dmm.co.jp/av/content/?id=kbe00005,https://al.fanza.co.jp/?lurl=https%3A%2F%2Fvideo.dmm.co.jp%2Fav%2Fcontent%2F%3Fid%3Dkbe00005&af_id=okd0405-990&ch=api,,,,独占配信 / 3P・4P / ベスト・総集編 / 女子校生 / 乱交
javd00018,javd00018,digital,videoa,どすけべ熟女30人8時間,2009-05-19 10:00:00,https://video.dmm.co.jp/av/content/?id=javd00018,https://al.fanza.co.jp/?lurl=https%3A%2F%2Fvideo.dmm.co.jp%2Fav%2Fcontent%2F%3Fid%3Djavd00018&af_id=okd0405-990&ch=api,,,,熟女 / 巨乳 / 騎乗位 / 独占配信
ebwb00001,ebwb00001,digital,videoa,盗撮 和式便所 Vol.1,2009-05-19 10:00:00,https://video.dmm.co.jp/av/content/?id=ebwb00001,https://al.fanza.co.jp/?lurl=https%3A%2F%2Fvideo.dmm.co.jp%2Fav%2Fcontent%2F%3Fid%3Debwb00001&af_id=okd0405-990&ch=api,,,,放尿・お漏らし / 脱糞 / 盗撮・のぞき
dym00030,dym00030,digital,videoa,五十路妻 淑女悶絶編35人4時間,2009-05-19 10:00:00,https://video.dmm.co.jp/av/content/?id=dym00030,https://al.fanza.co.jp/?lurl=https%3A%2F%2Fvideo.dmm.co.jp%2Fav%2Fcontent%2F%3Fid%3Ddym00030&af_id=okd0405-990&ch=api,,,,熟女 / 騎乗位 / 指マン
dnt00018,dnt00018,digital,videoa,近親相姦 オナニーしてたらお母さんに見つかりそのままやられちゃいました！ 22人4時間,2009-05-19 10:00:00,https://video.dmm.co.jp/av/content/?id=dnt00018,https://al.fanza.co.jp/?lurl=https%3A%2F%2Fvideo.dmm.co.jp%2Fav%2Fcontent%2F%3Fid%3Ddnt00018&af_id=okd0405-990&ch=api,,,,クンニ / 熟女 / お母さん / 近親相姦 / 騎乗位
dnt00017,dnt00017,digital,videoa,40歳過ぎた中年おばさんはバックが好きなんです 22人4時間,2009-05-19 10:00:00,https://video.dmm.co.jp/av/content/?id=dnt00017,https://al.fanza.co.jp/?lurl=https%3A%2F%2Fvideo.dmm.co.jp%2Fav%2Fcontent%2F%3Fid%3Ddnt00017&af_id=okd0405-990&ch=api,,,,熟女 / 尻フェチ / 指マン
dnt00016,dnt00016,digital,videoa,田舎くさいババアは僕の好みです 22人4時間,2009-05-19 10:00:00,https://video.dmm.co.jp/av/content/?id=dnt00016,https://al.fanza.co.jp/?lurl=https%3A%2F%2Fvideo.dmm.co.jp%2Fav%2Fcontent%2F%3Fid%3Ddnt00016&af_id=okd0405-990&ch=api,,,,熟女 / 騎乗位 / 指マン
dinm00008,dinm00008,digital,videoa,素人妻 浮気願望中出し40人8時間,2009-05-19 10:00:00,https://video.dmm.co.jp/av/content/?id=dinm00008,https://al.fanza.co.jp/?lurl=https%3A%2F%2Fvideo.dmm.co.jp%2Fav%2Fcontent%2F%3Fid%3Ddinm00008&af_id=okd0405-990&ch=api,,,,熟女 / 人妻・主婦 / 素人 / 中出し
crpd00300,crpd00300,digital,videoa,新婚コスプレ美人若妻Hカップの淫らなボイン ラム,2009-05-19 10:00:00,https://video.dmm.co.jp/av/content/?id=crpd00300,https://al.fanza.co.jp/?lurl=https%3A%2F%2Fvideo.dmm.co.jp%2Fav%2Fcontent%2F%3Fid%3Dcrpd00300&af_id=okd0405-990&ch=api,,,,独占配信 / コスプレ / パイズリ / 裸エプロン / 若妻・幼妻 / 巨乳
crpd00299,crpd00299,digital,videoa,万引き親子輪●レ●プ 北島玲 鈴木ありす,2009-05-19 10:00:00,https://video.dmm.co.jp/av/content/?id=crpd00299,https://al.fanza.co.jp/?lurl=https%3A%2F%2Fvideo.dmm.co.jp%2Fav%2Fcontent%2F%3Fid%3Dcrpd00299&af_id=okd0405-990&ch=api,,,,独占配信 / 辱め / 女子校生 / 若妻・幼妻
crpd00298,crpd00298,digital,videoa,巨根少年Gカップ 辻さき 桜田さくら,2009-05-19 10:00:00,https://video.dmm.co.jp/av/content/?id=crpd00298,https://al.fanza.co.jp/?lurl=https%3A%2F%2Fvideo.dmm.co.jp%2Fav%2Fcontent%2F%3Fid%3Dcrpd00298&af_id=okd0405-990&ch=api,,,,独占配信 / ふたなり / 巨乳 / パイズリ / 縛り・緊縛 / 3P・4P
arn00093,arn00093,digital,videoa,ノンストップ！レ●プ！4時間 2,2009-05-19 10:00:00,https://video.dmm.co.jp/av/content/?id=arn00093,https://al.fanza.co.jp/?lurl=https%3A%2F%2Fvideo.dmm.co.jp%2Fav%2Fcontent%2F%3Fid%3Darn00093&af_id=okd0405-990&ch=api,,,,巨乳 / 中出し / 顔射
arn00092,arn00092,digital,videoa,女子校生レ●プ中出し 7,2009-05-19 10:00:00,https://video.dmm.co.jp/av/content/?id=arn00092,https://al.fanza.co.jp/?lurl=https%3A%2F%2Fvideo.dmm.co.jp%2Fav%2Fcontent%2F%3Fid%3Darn00092&af_id=okd0405-990&ch=api,,,,制服 / 女子校生 / 騎乗位 / 中出し
84rokad00198,84rokad00198,digital,videoa,素人コギャルHEAVEN 4時間 NEO 9,2009-05-19 10:00:00,https://video.dmm.co.jp/av/content/?id=84rokad00198,https://al.fanza.co.jp/?lurl=https%3A%2F%2Fvideo.dmm.co.jp%2Fav%2Fcontent%2F%3Fid%3D84rokad00198&af_id=okd0405-990&ch=api,,,,素人 / 巨乳 / ギャル
76elo00221,76elo00221,digital,videoa,巨乳コギャルズメイドBEST,2009-05-19 10:00:00,https://video.dmm.co.jp/av/content/?id=76elo00221,https://al.fanza.co.jp/?lurl=https%3A%2F%2Fvideo.dmm.co.jp%2Fav%2Fcontent%2F%3Fid%3D76elo00221&af_id=okd0405-990&ch=api,,,,独占配信 / メイド / 巨乳 / ベスト・総集編 / デジモ
76elo00220,76elo00220,digital,videoa,Beauty Style Best 3,2009-05-19 10:00:00,https://video.dmm.co.jp/av/content/?id=76elo00220,https://al.fanza.co.jp/?lurl=https%3A%2F%2Fvideo.dmm.co.jp%2Fav%2Fcontent%2F%3Fid%3D76elo00220&af_id=okd0405-990&ch=api,,,,騎乗位 / ベスト・総集編 / 独占配信 / デジモ
2drd00031,2drd00031,digital,videoa,DRAGONS GATE 1st ANNIVERSARY！！ ［維新軍］,2009-05-19 10:00:00,https://video.dmm.co.jp/av/content/?id=2drd00031,https://al.fanza.co.jp/?lurl=https%3A%2F%2Fvideo.dmm.co.jp%2Fav%2Fcontent%2F%3Fid%3D2drd00031&af_id=okd0405-990&ch=api,,,,3P・4P / ベスト・総集編 / レズビアン / 巨乳 / 痴女
1sdms704,1sdms704,digital,videoa,おちんちんから潮を大量に噴かせるスゴ技 SPECIAL,2009-05-19 10:00:00,https://video.dmm.co.jp/av/content/?id=1sdms704,https://al.fanza.co.jp/?lurl=https%3A%2F%2Fvideo.dmm.co.jp%2Fav%2Fcontent%2F%3Fid%3D1sdms704&af_id=okd0405-990&ch=api,,,,手コキ / 潮吹き / その他フェチ
1sdms675,1sdms675,digital,videoa,スタイルの良い丸ノ内OLを制服のまま人気ランチ店の行列に並ばせて、大失禁するまでアクメさせてしまいました！,2009-05-19 10:00:00,https://video.dmm.co.jp/av/content/?id=1sdms675,https://al.fanza.co.jp/?lurl=https%3A%2F%2Fvideo.dmm.co.jp%2Fav%2Fcontent%2F%3Fid%3D1sdms675&af_id=okd0405-990&ch=api,,,,OL / 制服 / 放尿・お漏らし
1sdms674,1sdms674,digital,videoa,18禁 限界露出女子校生 ～最近の平成生まれはココまで凄い…の巻～,2009-05-19 10:00:00,https://video.dmm.co.jp/av/content/?id=1sdms674,https://al.fanza.co.jp/?lurl=https%3A%2F%2Fvideo.dmm.co.jp%2Fav%2Fcontent%2F%3Fid%3D1sdms674&af_id=okd0405-990&ch=api,,,,野外・露出 / 淫語 / 女子校生 / 制服 / イメージビデオ
1sdms669,1sdms669,digital,videoa,打ち合わせ無しの公開露出排泄,2009-05-19 10:00:00,https://video.dmm.co.jp/av/content/?id=1sdms669,https://al.fanza.co.jp/?lurl=https%3A%2F%2Fvideo.dmm.co.jp%2Fav%2Fcontent%2F%3Fid%3D1sdms669&af_id=okd0405-990&ch=api,,,,野外・露出 / 羞恥 / 脱糞
1sdms663,1sdms663,digital,videoa,爆音バイブ付きスニーカーを履いて新宿ア○タ前に初めてのアクメお散歩にイクッ！！,2009-05-19 10:00:00,https://video.dmm.co.jp/av/content/?id=1sdms663,https://al.fanza.co.jp/?lurl=https%3A%2F%2Fvideo.dmm.co.jp%2Fav%2Fcontent%2F%3Fid%3D1sdms663&af_id=okd0405-990&ch=api,,,,ローター / 野外・露出 / 放尿・お漏らし / その他フェチ
1sdms662,1sdms662,digital,videoa,スーパーMM号で脱がす事が出来なかった、幻の美人お嬢さんを遂に口説いた！！,2009-05-19 10:00:00,https://video.dmm.co.jp/av/content/?id=1sdms662,https://al.fanza.co.jp/?lurl=https%3A%2F%2Fvideo.dmm.co.jp%2Fav%2Fcontent%2F%3Fid%3D1sdms662&af_id=okd0405-990&ch=api,,,,OL / 素人
1sdms661,1sdms661,digital,videoa,SOD的コネ狙い！！人生は波乱万丈だゲーム@就職活動応援SP,2009-05-19 10:00:00,https://video.dmm.co.jp/av/content/?id=1sdms661,https://al.fanza.co.jp/?lurl=https%3A%2F%2Fvideo.dmm.co.jp%2Fav%2Fcontent%2F%3Fid%3D1sdms661&af_id=okd0405-990&ch=api,,,,美乳 / 企画 / 巨乳 / 女子大生
1sdms660,1sdms660,digital,videoa,箱根湯本温泉で見つけたお嬢さん 裸より恥かしい水着で混浴入ってみませんか？,2009-05-19 10:00:00,https://video.dmm.co.jp/av/content/?id=1sdms660,https://al.fanza.co.jp/?lurl=https%3A%2F%2Fvideo.dmm.co.jp%2Fav%2Fcontent%2F%3Fid%3D1sdms660&af_id=okd0405-990&ch=api,,,,水着 / その他フェチ / 羞恥 / パイズリ
1sdms656,1sdms656,digital,videoa,痴●エステティシャン10人隊がイクっ！！-R-E-T-U-R-N-S-,2009-05-19 10:00:00,https://video.dmm.co.jp/av/content/?id=1sdms656,https://al.fanza.co.jp/?lurl=https%3A%2F%2Fvideo.dmm.co.jp%2Fav%2Fcontent%2F%3Fid%3D1sdms656&af_id=okd0405-990&ch=api,,,,エステ / 辱め / ぶっかけ / 縛り・緊縛
1sdms654,1sdms654,digital,videoa,処女 現役小学校教師 高梨瞳,2009-05-19 10:00:00,https://video.dmm.co.jp/av/content/?id=1sdms654,https://al.fanza.co.jp/?lurl=https%3A%2F%2Fvideo.dmm.co.jp%2Fav%2Fcontent%2F%3Fid%3D1sdms654&af_id=okd0405-990&ch=api,,,,単体作品 / 女教師 / 処女 / 騎乗位
1sdms653,1sdms653,digital,videoa,女格闘家VSレ●プ魔 美人格闘家崩壊編,2009-05-19 10:00:00,https://video.dmm.co.jp/av/content/?id=1sdms653,https://al.fanza.co.jp/?lurl=https%3A%2F%2Fvideo.dmm.co.jp%2Fav%2Fcontent%2F%3Fid%3D1sdms653&af_id=okd0405-990&ch=api,,,,3P・4P / 格闘家
1sdms648,1sdms648,digital,videoa,29歳処女 最初で最後のSEXと、一度だけのAV出演―。,2009-05-19 10:00:00,https://video.dmm.co.jp/av/content/?id=1sdms648,https://al.fanza.co.jp/?lurl=https%3A%2F%2Fvideo.dmm.co.jp%2Fav%2Fcontent%2F%3Fid%3D1sdms648&af_id=okd0405-990&ch=api,,,,顔射 / 処女 / めがね
15tmd00014,15tmd00014,digital,videoa,四重苦 熱い！痛い！叩く！刺す！,2009-05-19 10:00:00,https://video.dmm.co.jp/av/content/?id=15tmd00014,https://al.fanza.co.jp/?lurl=https%3A%2F%2Fvideo.dmm.co.jp%2Fav%2Fcontent%2F%3Fid%3D15tmd00014&af_id=okd0405-990&ch=api,,,,SM / 淫乱・ハード系 / 縛り・緊縛
15jmd00063,15jmd00063,digital,videoa,人妻マガジン 第2号,2009-05-19 10:00:00,https://video.dmm.co.jp/av/content/?id=15jmd00063,https://al.fanza.co.jp/?lurl=https%3A%2F%2Fvideo.dmm.co.jp%2Fav%2Fcontent%2F%3Fid%3D15jmd00063&af_id=okd0405-990&ch=api,,,,熟女 / 人妻・主婦 / 巨乳 / 騎乗位
15jmd00062,15jmd00062,digital,videoa,人妻マガジン 創刊号,2009-05-19 10:00:00,https://video.dmm.co.jp/av/content/?id=15jmd00062,https://al.fanza.co.jp/?lurl=https%3A%2F%2Fvideo.dmm.co.jp%2Fav%2Fcontent%2F%3Fid%3D15jmd00062&af_id=okd0405-990&ch=api,,,,熟女 / 人妻・主婦 / 巨乳 / 和服・浴衣 / 中出し
15dsd00238,15dsd00238,digital,videoa,SWEET FUCK LEGENDS！ 生アナル4時間ブッ込みっ放し！,2009-05-19 10:00:00,https://video.dmm.co.jp/av/content/?id=15dsd00238,https://al.fanza.co.jp/?lurl=https%3A%2F%2Fvideo.dmm.co.jp%2Fav%2Fcontent%2F%3Fid%3D15dsd00238&af_id=okd0405-990&ch=api,,,,白人女優 / 騎乗位 / 洋ピン・海外輸入 / アナル / 3P・4P
15dsd00237,15dsd00237,digital,videoa,手コキガールズ,2009-05-19 10:00:00,https://video.dmm.co.jp/av/content/?id=15dsd00237,https://al.fanza.co.jp/?lurl=https%3A%2F%2Fvideo.dmm.co.jp%2Fav%2Fcontent%2F%3Fid%3D15dsd00237&af_id=okd0405-990&ch=api,,,,白人女優 / 洋ピン・海外輸入 / フェラ / 手コキ
15dsd00236,15dsd00236,digital,videoa,中出しUSA,2009-05-19 10:00:00,https://video.dmm.co.jp/av/content/?id=15dsd00236,https://al.fanza.co.jp/?lurl=https%3A%2F%2Fvideo.dmm.co.jp%2Fav%2Fcontent%2F%3Fid%3D15dsd00236&af_id=okd0405-990&ch=api,,,,巨乳 / 白人女優 / 洋ピン・海外輸入 / 中出し / 3P・4P
15dak00221,15dak00221,digital,videoa,ジム・ホリデイ監督の戦う全裸美女軍団！！ コマンドーvsパイレーツ,2009-05-19 10:00:00,https://video.dmm.co.jp/av/content/?id=15dak00221,https://al.fanza.co.jp/?lurl=https%3A%2F%2Fvideo.dmm.co.jp%2Fav%2Fcontent%2F%3Fid%3D15dak00221&af_id=okd0405-990&ch=api,,,,白人女優 / レズビアン / 野外・露出 / 騎乗位 / 洋ピン・海外輸入
15dak00220,15dak00220,digital,videoa,ハンナ・ヒルトンのSugar,2009-05-19 10:00:00,https://video.dmm.co.jp/av/content/?id=15dak00220,https://al.fanza.co.jp/?lurl=https%3A%2F%2Fvideo.dmm.co.jp%2Fav%2Fcontent%2F%3Fid%3D15dak00220&af_id=okd0405-990&ch=api,,,,巨乳 / 白人女優 / 洋ピン・海外輸入 / 3P・4P
15ald00233,15ald00233,digital,videoa,超過激サンドイッチファック15人,2009-05-19 10:00:00,https://video.dmm.co.jp/av/content/?id=15ald00233,https://al.fanza.co.jp/?lurl=https%3A%2F%2Fvideo.dmm.co.jp%2Fav%2Fcontent%2F%3Fid%3D15ald00233&af_id=okd0405-990&ch=api,,,,中出し / アナル / 3P・4P
15ald00232,15ald00232,digital,videoa,絶叫！失神！ものすごい喘ぎ声を出しイキまくった20人,2009-05-19 10:00:00,https://video.dmm.co.jp/av/content/?id=15ald00232,https://al.fanza.co.jp/?lurl=https%3A%2F%2Fvideo.dmm.co.jp%2Fav%2Fcontent%2F%3Fid%3D15ald00232&af_id=okd0405-990&ch=api,,,,騎乗位 / アナル / 指マン
15ald00231,15ald00231,digital,videoa,素人ダマして犯る スーパーヴォリューム30人,2009-05-19 10:00:00,https://video.dmm.co.jp/av/content/?id=15ald00231,https://al.fanza.co.jp/?lurl=https%3A%2F%2Fvideo.dmm.co.jp%2Fav%2Fcontent%2F%3Fid%3D15ald00231&af_id=okd0405-990&ch=api,,,,独占配信 / 辱め / 巨乳 / 企画 / 素人 / 中出し
15ald00230,15ald00230,digital,videoa,ドすけべ素人ワーキングガール15人,2009-05-19 10:00:00,https://video.dmm.co.jp/av/content/?id=15ald00230,https://al.fanza.co.jp/?lurl=https%3A%2F%2Fvideo.dmm.co.jp%2Fav%2Fcontent%2F%3Fid%3D15ald00230&af_id=okd0405-990&ch=api,,,,職業色々 / 巨乳 / ナンパ / 素人
15ald00229,15ald00229,digital,videoa,大勃起4時間,2009-05-19 10:00:00,https://video.dmm.co.jp/av/content/?id=15ald00229,https://al.fanza.co.jp/?lurl=https%3A%2F%2Fvideo.dmm.co.jp%2Fav%2Fcontent%2F%3Fid%3D15ald00229&af_id=okd0405-990&ch=api,,,,熟女 / 巨乳 / 野外・露出 / 中出し / ハメ撮り
1star00157,1star00157,digital,videoa,芸能人 範田紗々 タオル一枚男湯入ってみませんか？スペシャル,2009-05-18 10:00:49,https://video.dmm.co.jp/av/content/?id=1star00157,https://al.fanza.co.jp/?lurl=https%3A%2F%2Fvideo.dmm.co.jp%2Fav%2Fcontent%2F%3Fid%3D1star00157&af_id=okd0405-990&ch=api,,,,巨乳フェチ / デジモ / アイドル・芸能人 / その他 / 巨乳 / 単体作品
ddk026,ddk026,digital,videoa,オナニー・パラノイア 大沢佑香,2009-05-18 10:00:48,https://video.dmm.co.jp/av/content/?id=ddk026,https://al.fanza.co.jp/?lurl=https%3A%2F%2Fvideo.dmm.co.jp%2Fav%2Fcontent%2F%3Fid%3Dddk026&af_id=okd0405-990&ch=api,,,,オナニー / 潮吹き / 単体作品
1star00159,1star00159,digital,videoa,芸能人 Hitomi （初）中出し天国,2009-05-18 10:00:47,https://video.dmm.co.jp/av/content/?id=1star00159,https://al.fanza.co.jp/?lurl=https%3A%2F%2Fvideo.dmm.co.jp%2Fav%2Fcontent%2F%3Fid%3D1star00159&af_id=okd0405-990&ch=api,,,,巨乳 / 中出し / 巨乳フェチ / デジモ / アイドル・芸能人 / 単体作品
1dvdes00173,1dvdes00173,digital,videoa,ファン参加型MM号！即尺マジックミラー号！,2009-05-18 10:00:45,https://video.dmm.co.jp/av/content/?id=1dvdes00173,https://al.fanza.co.jp/?lurl=https%3A%2F%2Fvideo.dmm.co.jp%2Fav%2Fcontent%2F%3Fid%3D1dvdes00173&af_id=okd0405-990&ch=api,,,,フェラ / その他フェチ / 女子校生
1dvdes00174,1dvdes00174,digital,videoa,あの有名動画共有サイトでも噂の腰づかいレゲエダンサーSARA列島激震の美しさで衝撃的AVデビュー,2009-05-18 10:00:43,https://video.dmm.co.jp/av/content/?id=1dvdes00174,https://al.fanza.co.jp/?lurl=https%3A%2F%2Fvideo.dmm.co.jp%2Fav%2Fcontent%2F%3Fid%3D1dvdes00174&af_id=okd0405-990&ch=api,,,,その他 / デビュー作品 / 潮吹き / 騎乗位 / 単体作品 / デジモ
1iesp00478,1iesp00478,digital,videoa,チ○ポ丸呑み ディープスロート 2 星優乃,2009-05-18 10:00:41,https://video.dmm.co.jp/av/content/?id=1iesp00478,https://al.fanza.co.jp/?lurl=https%3A%2F%2Fvideo.dmm.co.jp%2Fav%2Fcontent%2F%3Fid%3D1iesp00478&af_id=okd0405-990&ch=api,,,,潮吹き / 看護婦・ナース / その他フェチ / 単体作品 / 電マ
1nhdt00804,1nhdt00804,digital,videoa,ガンギマリアナル 4 佐伯奈々,2009-05-18 10:00:40,https://video.dmm.co.jp/av/content/?id=1nhdt00804,https://al.fanza.co.jp/?lurl=https%3A%2F%2Fvideo.dmm.co.jp%2Fav%2Fcontent%2F%3Fid%3D1nhdt00804&af_id=okd0405-990&ch=api,,,,アナル / 単体作品 / 潮吹き / 浣腸 / デジモ
1jpdrs01613,1jpdrs01613,digital,videoa,追跡FUCK！！ 続・人妻ナンパ208 ～東京下町 中野・高円寺土下座～,2009-05-18 10:00:39,https://video.dmm.co.jp/av/content/?id=1jpdrs01613,https://al.fanza.co.jp/?lurl=https%3A%2F%2Fvideo.dmm.co.jp%2Fav%2Fcontent%2F%3Fid%3D1jpdrs01613&af_id=okd0405-990&ch=api,,,,3P・4P / 人妻・主婦 / ナンパ
1jpdrs01612,1jpdrs01612,digital,videoa,人妻ナンパ Best Collection10人 新本気汁！！ 潮吹きの熟女たち 5,2009-05-18 10:00:38,https://video.dmm.co.jp/av/content/?id=1jpdrs01612,https://al.fanza.co.jp/?lurl=https%3A%2F%2Fvideo.dmm.co.jp%2Fav%2Fcontent%2F%3Fid%3D1jpdrs01612&af_id=okd0405-990&ch=api,,,,人妻・主婦 / 熟女 / 潮吹き / ナンパ
1njpds00121,1njpds00121,digital,videoa,全国大会ファイナリスト バトントワリング NOZOMI,2009-05-18 10:00:35,https://video.dmm.co.jp/av/content/?id=1njpds00121,https://al.fanza.co.jp/?lurl=https%3A%2F%2Fvideo.dmm.co.jp%2Fav%2Fcontent%2F%3Fid%3D1njpds00121&af_id=okd0405-990&ch=api,,,,潮吹き / 水着 / 電マ / 企画
1dandy00135,1dandy00135,digital,videoa,「仕事中の看護師に手コキ/フェラ/SEXを見せつけて発情させてヤる」 VOL.4 ＆ 「キスまで3cm 満員状態で見知らぬ男女を後ろから息がかかるほど密着させたら？」,2009-05-18 10:00:34,https://video.dmm.co.jp/av/content/?id=1dandy00135,https://al.fanza.co.jp/?lurl=https%3A%2F%2Fvideo.dmm.co.jp%2Fav%2Fcontent%2F%3Fid%3D1dandy00135&af_id=okd0405-990&ch=api,,,,単体作品 / デジモ / 看護婦・ナース / フェラ / 企画 / 手コキ
1hunt00175,1hunt00175,digital,videoa,会員制 女性器鑑賞会 美花ぬりぇと15人の勃起男,2009-05-18 10:00:33,https://video.dmm.co.jp/av/content/?id=1hunt00175,https://al.fanza.co.jp/?lurl=https%3A%2F%2Fvideo.dmm.co.jp%2Fav%2Fcontent%2F%3Fid%3D1hunt00175&af_id=okd0405-990&ch=api,,,,独占配信 / 電マ / 騎乗位 / 3P・4P / 単体作品
1vspds00415,1vspds00415,digital,videoa,浜崎りおがあなたの願望叶えちゃいます 浜崎りお,2009-05-18 10:00:32,https://video.dmm.co.jp/av/content/?id=1vspds00415,https://al.fanza.co.jp/?lurl=https%3A%2F%2Fvideo.dmm.co.jp%2Fav%2Fcontent%2F%3Fid%3D1vspds00415&af_id=okd0405-990&ch=api,,,,その他 / 巨乳フェチ / クンニ / 巨乳 / 単体作品
1dandy00136,1dandy00136,digital,videoa,「新・間違えたフリして女子校通学バスに乗り込んでヤられた」,2009-05-18 10:00:31,https://video.dmm.co.jp/av/content/?id=1dandy00136,https://al.fanza.co.jp/?lurl=https%3A%2F%2Fvideo.dmm.co.jp%2Fav%2Fcontent%2F%3Fid%3D1dandy00136&af_id=okd0405-990&ch=api,,,,手コキ / 女子校生 / 企画 / デジモ
1hunt00173,1hunt00173,digital,videoa,彼女いない歴30年の僕でも派遣の家庭教師を雇えば、女の子と自宅で二人きりになれた！ VOL.2,2009-05-18 10:00:30,https://video.dmm.co.jp/av/content/?id=1hunt00173,https://al.fanza.co.jp/?lurl=https%3A%2F%2Fvideo.dmm.co.jp%2Fav%2Fcontent%2F%3Fid%3D1hunt00173&af_id=okd0405-990&ch=api,,,,独占配信 / 巨乳フェチ / 職業色々 / 巨乳 / 企画
1hunt00174,1hunt00174,digital,videoa,超能力でやりたい放題！ エスパー目薬Z,2009-05-18 10:00:29,https://video.dmm.co.jp/av/content/?id=1hunt00174,https://al.fanza.co.jp/?lurl=https%3A%2F%2Fvideo.dmm.co.jp%2Fav%2Fcontent%2F%3Fid%3D1hunt00174&af_id=okd0405-990&ch=api,,,,独占配信 / 制服 / 巨乳 / 企画 / パイズリ
1bksp00195,1bksp00195,digital,videoa,透明人間になれた僕！！,2009-05-18 10:00:28,https://video.dmm.co.jp/av/content/?id=1bksp00195,https://al.fanza.co.jp/?lurl=https%3A%2F%2Fvideo.dmm.co.jp%2Fav%2Fcontent%2F%3Fid%3D1bksp00195&af_id=okd0405-990&ch=api,,,,OL / 女医 / 看護婦・ナース / 企画
1iesp00476,1iesp00476,digital,videoa,ウテルス覚醒 痙攣アクメ 2,2009-05-18 10:00:27,https://video.dmm.co.jp/av/content/?id=1iesp00476,https://al.fanza.co.jp/?lurl=https%3A%2F%2Fvideo.dmm.co.jp%2Fav%2Fcontent%2F%3Fid%3D1iesp00476&af_id=okd0405-990&ch=api,,,,辱め / 拘束 / 放尿・お漏らし / 単体作品
1fset00189,1fset00189,digital,videoa,北条麻妃のスイミング教室,2009-05-18 10:00:25,https://video.dmm.co.jp/av/content/?id=1fset00189,https://al.fanza.co.jp/?lurl=https%3A%2F%2Fvideo.dmm.co.jp%2Fav%2Fcontent%2F%3Fid%3D1fset00189&af_id=okd0405-990&ch=api,,,,騎乗位 / 水着 / 熟女 / デジモ / 単体作品
1svdvd00103,1svdvd00103,digital,videoa,微乳美少年な少女に極太チ○ポを…,2009-05-18 10:00:24,https://video.dmm.co.jp/av/content/?id=1svdvd00103,https://al.fanza.co.jp/?lurl=https%3A%2F%2Fvideo.dmm.co.jp%2Fav%2Fcontent%2F%3Fid%3D1svdvd00103&af_id=okd0405-990&ch=api,,,,貧乳・微乳 / 3P・4P / デジモ / 騎乗位 / パイパン
1dvdes00176,1dvdes00176,digital,videoa,元鍵師が一人暮らしの女性宅に不法侵入！狙った女は必ずレ●プ！ 3,2009-05-18 10:00:23,https://video.dmm.co.jp/av/content/?id=1dvdes00176,https://al.fanza.co.jp/?lurl=https%3A%2F%2Fvideo.dmm.co.jp%2Fav%2Fcontent%2F%3Fid%3D1dvdes00176&af_id=okd0405-990&ch=api,,,,拘束 / 素人
1nhdt00803,1nhdt00803,digital,videoa,季節限定‘春’ 痴●○○生スペシャル 入学式痴●,2009-05-18 10:00:22,https://video.dmm.co.jp/av/content/?id=1nhdt00803,https://al.fanza.co.jp/?lurl=https%3A%2F%2Fvideo.dmm.co.jp%2Fav%2Fcontent%2F%3Fid%3D1nhdt00803&af_id=okd0405-990&ch=api,,,,放尿・お漏らし / 電マ / 3P・4P / 潮吹き / デジモ / イラマチオ
1nhdt00806,1nhdt00806,digital,videoa,●校生による青臭い性交ドキュメント 同級生痴● 泥●優等生編,2009-05-18 10:00:21,https://video.dmm.co.jp/av/content/?id=1nhdt00806,https://al.fanza.co.jp/?lurl=https%3A%2F%2Fvideo.dmm.co.jp%2Fav%2Fcontent%2F%3Fid%3D1nhdt00806&af_id=okd0405-990&ch=api,,,,ドキュメンタリー / 中出し / 女子校生
1havd00555,1havd00555,digital,videoa,狂おしき接吻と情交 新妻と義父 吉沢みなみ,2009-05-18 10:00:20,https://video.dmm.co.jp/av/content/?id=1havd00555,https://al.fanza.co.jp/?lurl=https%3A%2F%2Fvideo.dmm.co.jp%2Fav%2Fcontent%2F%3Fid%3D1havd00555&af_id=okd0405-990&ch=api,,,,単体作品 / 人妻・主婦 / デジモ / 騎乗位 / 辱め / キス・接吻
1havd00556,1havd00556,digital,videoa,淫欲 手篭めにされた若妻 篠原るり,2009-05-18 10:00:19,https://video.dmm.co.jp/av/content/?id=1havd00556,https://al.fanza.co.jp/?lurl=https%3A%2F%2Fvideo.dmm.co.jp%2Fav%2Fcontent%2F%3Fid%3D1havd00556&af_id=okd0405-990&ch=api,,,,人妻・主婦 / デジモ / 単体作品
1hunt00172,1hunt00172,digital,videoa,高額羞恥アルバイト コインランドリーでスッポンポン VOL.2,2009-05-18 10:00:18,https://video.dmm.co.jp/av/content/?id=1hunt00172,https://al.fanza.co.jp/?lurl=https%3A%2F%2Fvideo.dmm.co.jp%2Fav%2Fcontent%2F%3Fid%3D1hunt00172&af_id=okd0405-990&ch=api,,,,独占配信 / クンニ / 企画 / 羞恥 / 素人
1lady00074,1lady00074,digital,videoa,レズ痴女なオンナたちが温泉宿で見つけた美人母娘を宿の女将と愛娘を近親相姦レズまでさせちゃいました！！,2009-05-18 10:00:17,https://video.dmm.co.jp/av/content/?id=1lady00074,https://al.fanza.co.jp/?lurl=https%3A%2F%2Fvideo.dmm.co.jp%2Fav%2Fcontent%2F%3Fid%3D1lady00074&af_id=okd0405-990&ch=api,,,,3P・4P / レズビアン / 近親相姦 / 痴女 / クンニ
1vspds00413,1vspds00413,digital,videoa,某区で有名な美人歯科医の元カレから彼女のSEX事情を聞きだし、それをネタに脅かしてヤレるのか！？,2009-05-18 10:00:16,https://video.dmm.co.jp/av/content/?id=1vspds00413,https://al.fanza.co.jp/?lurl=https%3A%2F%2Fvideo.dmm.co.jp%2Fav%2Fcontent%2F%3Fid%3D1vspds00413&af_id=okd0405-990&ch=api,,,,パンスト・タイツ / 職業色々 / ドキュメンタリー / 騎乗位
1vspds00414,1vspds00414,digital,videoa,会社近くの美容院のバイトで現役専門学生の可愛い子を発見し、通い詰めてAV出演の交渉に成功しました！,2009-05-18 10:00:15,https://video.dmm.co.jp/av/content/?id=1vspds00414,https://al.fanza.co.jp/?lurl=https%3A%2F%2Fvideo.dmm.co.jp%2Fav%2Fcontent%2F%3Fid%3D1vspds00414&af_id=okd0405-990&ch=api,,,,騎乗位 / 女子大生 / 素人 / 3P・4P
1bksp00194,1bksp00194,digital,videoa,人妻おしゃれカンケイ ナンパ中出し,2009-05-18 10:00:14,https://video.dmm.co.jp/av/content/?id=1bksp00194,https://al.fanza.co.jp/?lurl=https%3A%2F%2Fvideo.dmm.co.jp%2Fav%2Fcontent%2F%3Fid%3D1bksp00194&af_id=okd0405-990&ch=api,,,,巨乳 / 人妻・主婦 / 脚フェチ / ナンパ / 中出し
1bksp00196,1bksp00196,digital,videoa,高級媚薬オイル絶頂マッサージ,2009-05-18 10:00:13,https://video.dmm.co.jp/av/content/?id=1bksp00196,https://al.fanza.co.jp/?lurl=https%3A%2F%2Fvideo.dmm.co.jp%2Fav%2Fcontent%2F%3Fid%3D1bksp00196&af_id=okd0405-990&ch=api,,,,盗撮・のぞき / お嬢様・令嬢 / その他フェチ / 巨乳 / マッサージ・リフレ
1bksp00197,1bksp00197,digital,videoa,フェラ抜きと手コキ 4時間,2009-05-18 10:00:12,https://video.dmm.co.jp/av/content/?id=1bksp00197,https://al.fanza.co.jp/?lurl=https%3A%2F%2Fvideo.dmm.co.jp%2Fav%2Fcontent%2F%3Fid%3D1bksp00197&af_id=okd0405-990&ch=api,,,,フェラ / その他フェチ / お姉さん / 手コキ / パイズリ
1fset00188,1fset00188,digital,videoa,処女と同棲生活 万里23歳,2009-05-18 10:00:11,https://video.dmm.co.jp/av/content/?id=1fset00188,https://al.fanza.co.jp/?lurl=https%3A%2F%2Fvideo.dmm.co.jp%2Fav%2Fcontent%2F%3Fid%3D1fset00188&af_id=okd0405-990&ch=api,,,,処女 / 素人 / デジモ
1dvdes00175,1dvdes00175,digital,videoa,潮吹きデート 巨乳目線 5 桃咲まなみ,2009-05-18 10:00:08,https://video.dmm.co.jp/av/content/?id=1dvdes00175,https://al.fanza.co.jp/?lurl=https%3A%2F%2Fvideo.dmm.co.jp%2Fav%2Fcontent%2F%3Fid%3D1dvdes00175&af_id=okd0405-990&ch=api,,,,単体作品 / 巨乳フェチ / 潮吹き / 巨乳
1nhdt00802,1nhdt00802,digital,videoa,「恥漢」（ちかん） 誰もが後をつけたくなる美尻を感じさせて火をつけろ,2009-05-18 10:00:07,https://video.dmm.co.jp/av/content/?id=1nhdt00802,https://al.fanza.co.jp/?lurl=https%3A%2F%2Fvideo.dmm.co.jp%2Fav%2Fcontent%2F%3Fid%3D1nhdt00802&af_id=okd0405-990&ch=api,,,,尻フェチ / デジモ / OL
1nhdt00805,1nhdt00805,digital,videoa,夜行バスで隣り合わせた上京するうぶな娘は乗客が寝静まった後触られても断れず嫌がりながらも声を押し殺す,2009-05-18 10:00:06,https://video.dmm.co.jp/av/content/?id=1nhdt00805,https://al.fanza.co.jp/?lurl=https%3A%2F%2Fvideo.dmm.co.jp%2Fav%2Fcontent%2F%3Fid%3D1nhdt00805&af_id=okd0405-990&ch=api,,,,ランジェリー / 指マン / ミニスカ / 企画
1nhdt00807,1nhdt00807,digital,videoa,鬼怒川でつかまえた素人娘と混浴温泉野球拳,2009-05-18 10:00:05,https://video.dmm.co.jp/av/content/?id=1nhdt00807,https://al.fanza.co.jp/?lurl=https%3A%2F%2Fvideo.dmm.co.jp%2Fav%2Fcontent%2F%3Fid%3D1nhdt00807&af_id=okd0405-990&ch=api,,,,野外・露出 / 素人 / 企画 / 巨乳 / スレンダー
1nhdt00808,1nhdt00808,digital,videoa,浴びるほど精子と尿を飲みたがるSEX狂いの女達,2009-05-18 10:00:04,https://video.dmm.co.jp/av/content/?id=1nhdt00808,https://al.fanza.co.jp/?lurl=https%3A%2F%2Fvideo.dmm.co.jp%2Fav%2Fcontent%2F%3Fid%3D1nhdt00808&af_id=okd0405-990&ch=api,,,,辱め / 企画 / 放尿・お漏らし / デジモ / 飲尿
1havd00552,1havd00552,digital,videoa,女子社員 禁断のレズ温泉,2009-05-18 10:00:03,https://video.dmm.co.jp/av/content/?id=1havd00552,https://al.fanza.co.jp/?lurl=https%3A%2F%2Fvideo.dmm.co.jp%2Fav%2Fcontent%2F%3Fid%3D1havd00552&af_id=okd0405-990&ch=api,,,,和服・浴衣 / デジモ / レズビアン / 3P・4P / クンニ
1havd00553,1havd00553,digital,videoa,丸の内一流企業ジャック 女子社員を犯りまくれ！,2009-05-18 10:00:02,https://video.dmm.co.jp/av/content/?id=1havd00553,https://al.fanza.co.jp/?lurl=https%3A%2F%2Fvideo.dmm.co.jp%2Fav%2Fcontent%2F%3Fid%3D1havd00553&af_id=okd0405-990&ch=api,,,,OL / 制服 / 羞恥 / デジモ / レズビアン
1havd00554,1havd00554,digital,videoa,疼く団地妻達 昼下がりの情事,2009-05-18 10:00:01,https://video.dmm.co.jp/av/content/?id=1havd00554,https://al.fanza.co.jp/?lurl=https%3A%2F%2Fvideo.dmm.co.jp%2Fav%2Fcontent%2F%3Fid%3D1havd00554&af_id=okd0405-990&ch=api,,,,人妻・主婦 / パンスト・タイツ / デジモ / 騎乗位
kjgx001,kjgx001,digital,videoa,家族間中出し ～背徳の快感～,2009-05-18 10:00:00,https://video.dmm.co.jp/av/content/?id=kjgx001,https://al.fanza.co.jp/?lurl=https%3A%2F%2Fvideo.dmm.co.jp%2Fav%2Fcontent%2F%3Fid%3Dkjgx001&af_id=okd0405-990&ch=api,,,,インディーズ / 中出し / 近親相姦
h_170vnds951,h_170vnds951,digital,videoa,義母と叔母 禁断の極上中出し関係 第四章,2009-05-18 10:00:00,https://video.dmm.co.jp/av/content/?id=h_170vnds951,https://al.fanza.co.jp/?lurl=https%3A%2F%2Fvideo.dmm.co.jp%2Fav%2Fcontent%2F%3Fid%3Dh_170vnds951&af_id=okd0405-990&ch=api,,,,熟女 / 義母 / 近親相姦 / 中出し / 顔射
h_169simg220,h_169simg220,digital,videoa,ふたなりレズ 9,2009-05-18 10:00:00,https://video.dmm.co.jp/av/content/?id=h_169simg220,https://al.fanza.co.jp/?lurl=https%3A%2F%2Fvideo.dmm.co.jp%2Fav%2Fcontent%2F%3Fid%3Dh_169simg220&af_id=okd0405-990&ch=api,,,,ふたなり / レズビアン / クンニ / 美乳 / 騎乗位
h_167alx431,h_167alx431,digital,videoa,素人女子校生ヤリマンズ M男いじめ,2009-05-18 10:00:00,https://video.dmm.co.jp/av/content/?id=h_167alx431,https://al.fanza.co.jp/?lurl=https%3A%2F%2Fvideo.dmm.co.jp%2Fav%2Fcontent%2F%3Fid%3Dh_167alx431&af_id=okd0405-990&ch=api,,,,痴女 / 女子校生 / 飲尿 / クンニ / セーラー服
h_115seed00039,h_115seed00039,digital,videoa,スーパー美熟女セレクション VOL.11,2009-05-18 10:00:00,https://video.dmm.co.jp/av/content/?id=h_115seed00039,https://al.fanza.co.jp/?lurl=https%3A%2F%2Fvideo.dmm.co.jp%2Fav%2Fcontent%2F%3Fid%3Dh_115seed00039&af_id=okd0405-990&ch=api,,,,騎乗位 / 電マ / 熟女
h_100no005,h_100no005,digital,videoa,素人生姦ハメ撮り倶楽部 VOLUME 05,2009-05-18 10:00:00,https://video.dmm.co.jp/av/content/?id=h_100no005,https://al.fanza.co.jp/?lurl=https%3A%2F%2Fvideo.dmm.co.jp%2Fav%2Fcontent%2F%3Fid%3Dh_100no005&af_id=okd0405-990&ch=api,,,,ハメ撮り / 素人 / 局部アップ
h_047at002,h_047at002,digital,videoa,GALナンパ 9人オイルマッサージ 中出し4時間DX,2009-05-18 10:00:00,https://video.dmm.co.jp/av/content/?id=h_047at002,https://al.fanza.co.jp/?lurl=https%3A%2F%2Fvideo.dmm.co.jp%2Fav%2Fcontent%2F%3Fid%3Dh_047at002&af_id=okd0405-990&ch=api,,,,マッサージ・リフレ / 水着 / 中出し / 素人 / ナンパ / ギャル
h_046kbkd00466,h_046kbkd00466,digital,videoa,四十路妻中出しドキュメント 羽鳥澄香,2009-05-18 10:00:00,https://video.dmm.co.jp/av/content/?id=h_046kbkd00466,https://al.fanza.co.jp/?lurl=https%3A%2F%2Fvideo.dmm.co.jp%2Fav%2Fcontent%2F%3Fid%3Dh_046kbkd00466&af_id=okd0405-990&ch=api,,,,中出し / 人妻・主婦 / 熟女 / ドキュメンタリー
59hgj016,59hgj016,digital,videoa,絶倫主人と三人妻 秘湯の三色花弁,2009-05-18 10:00:00,https://video.dmm.co.jp/av/content/?id=59hgj016,https://al.fanza.co.jp/?lurl=https%3A%2F%2Fvideo.dmm.co.jp%2Fav%2Fcontent%2F%3Fid%3D59hgj016&af_id=okd0405-990&ch=api,,,,クンニ / 人妻・主婦
57mc00648,57mc00648,digital,videoa,私脱いだらスゴイんです 美肉発情編,2009-05-18 10:00:00,https://video.dmm.co.jp/av/content/?id=57mc00648,https://al.fanza.co.jp/?lurl=https%3A%2F%2Fvideo.dmm.co.jp%2Fav%2Fcontent%2F%3Fid%3D57mc00648&af_id=okd0405-990&ch=api,,,,熟女 / おもちゃ / 騎乗位
433mbd129,433mbd129,digital,videoa,裏ピース おしゃれっ子×プライベート ひなこ×ともみ,2009-05-18 10:00:00,https://video.dmm.co.jp/av/content/?id=433mbd129,https://al.fanza.co.jp/?lurl=https%3A%2F%2Fvideo.dmm.co.jp%2Fav%2Fcontent%2F%3Fid%3D433mbd129&af_id=okd0405-990&ch=api,,,,素人 / バイブ / 騎乗位 / コスプレ
41bndv00604,41bndv00604,digital,videoa,激選 4時間 ズコバコまる見え開脚ファック2,2009-05-18 10:00:00,https://video.dmm.co.jp/av/content/?id=41bndv00604,https://al.fanza.co.jp/?lurl=https%3A%2F%2Fvideo.dmm.co.jp%2Fav%2Fcontent%2F%3Fid%3D41bndv00604&af_id=okd0405-990&ch=api,,,,ベスト・総集編 / 指マン / クンニ / 騎乗位
2aed00003,2aed00003,digital,videoa,専属マニア（小春ひより） VOL.3,2009-05-18 10:00:00,https://video.dmm.co.jp/av/content/?id=2aed00003,https://al.fanza.co.jp/?lurl=https%3A%2F%2Fvideo.dmm.co.jp%2Fav%2Fcontent%2F%3Fid%3D2aed00003&af_id=okd0405-990&ch=api,,,,3P・4P / パイズリ / 巨乳 / 拘束 / 単体作品 / 女優ベスト・総集編
28dvh00324,28dvh00324,digital,videoa,女子校生強●中出し 9,2009-05-18 10:00:00,https://video.dmm.co.jp/av/content/?id=28dvh00324,https://al.fanza.co.jp/?lurl=https%3A%2F%2Fvideo.dmm.co.jp%2Fav%2Fcontent%2F%3Fid%3D28dvh00324&af_id=okd0405-990&ch=api,,,,中出し / 学生服 / 女子校生
1havd00557,1havd00557,digital,videoa,出会い系からガチナンパ 素人娘ぶち込み15連発240分,2009-05-18 10:00:00,https://video.dmm.co.jp/av/content/?id=1havd00557,https://al.fanza.co.jp/?lurl=https%3A%2F%2Fvideo.dmm.co.jp%2Fav%2Fcontent%2F%3Fid%3D1havd00557&af_id=okd0405-990&ch=api,,,,美乳 / 素人 / ナンパ / ベスト・総集編
181dse00416,181dse00416,digital,videoa,初撮り熟女 久我舞・水沼祥子,2009-05-18 10:00:00,https://video.dmm.co.jp/av/content/?id=181dse00416,https://al.fanza.co.jp/?lurl=https%3A%2F%2Fvideo.dmm.co.jp%2Fav%2Fcontent%2F%3Fid%3D181dse00416&af_id=okd0405-990&ch=api,,,,単体作品 / 騎乗位 / ドキュメンタリー / 熟女
13mevd03,13mevd03,digital,videoa,森野雫のアナルイキッパ！ 3,2009-05-18 10:00:00,https://video.dmm.co.jp/av/content/?id=13mevd03,https://al.fanza.co.jp/?lurl=https%3A%2F%2Fvideo.dmm.co.jp%2Fav%2Fcontent%2F%3Fid%3D13mevd03&af_id=okd0405-990&ch=api,,,,単体作品 / コスプレ / アナル / 3P・4P / デジモ
104btgd00001,104btgd00001,digital,videoa,ロリ美少女BEST20 3時間40分,2009-05-18 10:00:00,https://video.dmm.co.jp/av/content/?id=104btgd00001,https://al.fanza.co.jp/?lurl=https%3A%2F%2Fvideo.dmm.co.jp%2Fav%2Fcontent%2F%3Fid%3D104btgd00001&af_id=okd0405-990&ch=api,,,,ミニ系 / バイブ / 指マン / 美少女 / ベスト・総集編
5184arkx00001,5184arkx00001,digital,videoa,妄想X S級女優の旬感エクスタシー 01 松島かえで,2009-05-18 09:59:58,https://video.dmm.co.jp/av/content/?id=5184arkx00001,https://al.fanza.co.jp/?lurl=https%3A%2F%2Fvideo.dmm.co.jp%2Fav%2Fcontent%2F%3Fid%3D5184arkx00001&af_id=okd0405-990&ch=api,,,,単体作品 / 水着 / コスプレ / イメージビデオ / セクシー
49vis00006,49vis00006,digital,videoa,VIP STAR STAGE 6,2009-05-17 10:00:50,https://video.dmm.co.jp/av/content/?id=49vis00006,https://al.fanza.co.jp/?lurl=https%3A%2F%2Fvideo.dmm.co.jp%2Fav%2Fcontent%2F%3Fid%3D49vis00006&af_id=okd0405-990&ch=api,,,,単体作品 / 3P・4P / オナニー / ギャル / 顔射
h_172vgd039,h_172vgd039,digital,videoa,となりのお姉さん あき,2009-05-17 10:00:49,https://video.dmm.co.jp/av/content/?id=h_172vgd039,https://al.fanza.co.jp/?lurl=https%3A%2F%2Fvideo.dmm.co.jp%2Fav%2Fcontent%2F%3Fid%3Dh_172vgd039&af_id=okd0405-990&ch=api,,,,単体作品 / 巨乳 / 淫語 / レオタード / お姉さん
1star00014,1star00014,digital,videoa,芸能人 範田紗々 芸能人が初露出！×青姦,2009-05-17 10:00:48,https://video.dmm.co.jp/av/content/?id=1star00014,https://al.fanza.co.jp/?lurl=https%3A%2F%2Fvideo.dmm.co.jp%2Fav%2Fcontent%2F%3Fid%3D1star00014&af_id=okd0405-990&ch=api,,,,デジモ / 3P・4P / アイドル・芸能人 / 野外・露出 / 単体作品
172rwrk315r,172rwrk315r,digital,videoa,浜崎りおが奥さんになってあげる◆ 浜崎りお,2009-05-17 10:00:47,https://video.dmm.co.jp/av/content/?id=172rwrk315r,https://al.fanza.co.jp/?lurl=https%3A%2F%2Fvideo.dmm.co.jp%2Fav%2Fcontent%2F%3Fid%3D172rwrk315r&af_id=okd0405-990&ch=api,,,,単体作品 / パイズリ / 中出し / 指マン / 巨乳
parat01189,parat01189,digital,videoa,本当にいた！カラダで契約を取る美人保険外交員（6）,2009-05-17 10:00:46,https://video.dmm.co.jp/av/content/?id=parat01189,https://al.fanza.co.jp/?lurl=https%3A%2F%2Fvideo.dmm.co.jp%2Fav%2Fcontent%2F%3Fid%3Dparat01189&af_id=okd0405-990&ch=api,,,,職業色々 / 騎乗位 / 巨乳 / パンスト・タイツ
parat01184,parat01184,digital,videoa,街頭シ○ウトナンパ！キレイなお姉さん、性感マッサージ受けてみませんか？（17）,2009-05-17 10:00:43,https://video.dmm.co.jp/av/content/?id=parat01184,https://al.fanza.co.jp/?lurl=https%3A%2F%2Fvideo.dmm.co.jp%2Fav%2Fcontent%2F%3Fid%3Dparat01184&af_id=okd0405-990&ch=api,,,,素人 / 単体作品 / マッサージ・リフレ / 巨乳 / メイド / OL
483dmx00011,483dmx00011,digital,videoa,BBB ビッグ・ブーブス・バット 鈴香音色,2009-05-17 10:00:41,https://video.dmm.co.jp/av/content/?id=483dmx00011,https://al.fanza.co.jp/?lurl=https%3A%2F%2Fvideo.dmm.co.jp%2Fav%2Fcontent%2F%3Fid%3D483dmx00011&af_id=okd0405-990&ch=api,,,,その他フェチ / 巨乳フェチ / 巨乳 / 単体作品
1dvdps00949,1dvdps00949,digital,videoa,超正統派美少女 あすか伊央 DEBUT！,2009-05-17 10:00:40,https://video.dmm.co.jp/av/content/?id=1dvdps00949,https://al.fanza.co.jp/?lurl=https%3A%2F%2Fvideo.dmm.co.jp%2Fav%2Fcontent%2F%3Fid%3D1dvdps00949&af_id=okd0405-990&ch=api,,,,単体作品 / 拘束 / 3P・4P / 騎乗位 / デジモ / デビュー作品
1iesp00329,1iesp00329,digital,videoa,女子校生 中出し20連発 浜崎りお,2009-05-17 10:00:39,https://video.dmm.co.jp/av/content/?id=1iesp00329,https://al.fanza.co.jp/?lurl=https%3A%2F%2Fvideo.dmm.co.jp%2Fav%2Fcontent%2F%3Fid%3D1iesp00329&af_id=okd0405-990&ch=api,,,,巨乳 / 単体作品 / 女子校生 / 中出し / 辱め
1star00013,1star00013,digital,videoa,セル降臨×徹底イカセ 連発潮吹き×アナル丸見え激ハメ解禁 天海麗,2009-05-17 10:00:38,https://video.dmm.co.jp/av/content/?id=1star00013,https://al.fanza.co.jp/?lurl=https%3A%2F%2Fvideo.dmm.co.jp%2Fav%2Fcontent%2F%3Fid%3D1star00013&af_id=okd0405-990&ch=api,,,,潮吹き / 単体作品 / 3P・4P / デジモ / 指マン
h_169simg076,h_169simg076,digital,videoa,人気AV女優がマジ逆ナンパ,2009-05-17 10:00:37,https://video.dmm.co.jp/av/content/?id=h_169simg076,https://al.fanza.co.jp/?lurl=https%3A%2F%2Fvideo.dmm.co.jp%2Fav%2Fcontent%2F%3Fid%3Dh_169simg076&af_id=okd0405-990&ch=api,,,,ナンパ / 3P・4P / 騎乗位 / フェラ / 逆ナン
parat01187,parat01187,digital,videoa,あの子の職場で無理やりSEX～レストラン勤務のウェイトレス・寧々21歳,2009-05-17 10:00:36,https://video.dmm.co.jp/av/content/?id=parat01187,https://al.fanza.co.jp/?lurl=https%3A%2F%2Fvideo.dmm.co.jp%2Fav%2Fcontent%2F%3Fid%3Dparat01187&af_id=okd0405-990&ch=api,,,,単体作品 / 小柄 / 美乳 / フェラ / 潮吹き
parat01188,parat01188,digital,videoa,観光で来たアジア娘を狙え！親切にしてSEX交流,2009-05-17 10:00:35,https://video.dmm.co.jp/av/content/?id=parat01188,https://al.fanza.co.jp/?lurl=https%3A%2F%2Fvideo.dmm.co.jp%2Fav%2Fcontent%2F%3Fid%3Dparat01188&af_id=okd0405-990&ch=api,,,,3P・4P / スレンダー / フェラ
parat01190,parat01190,digital,videoa,ウチの嫁にかぎって～妻は男からの誘惑に耐えられるか！？,2009-05-17 10:00:34,https://video.dmm.co.jp/av/content/?id=parat01190,https://al.fanza.co.jp/?lurl=https%3A%2F%2Fvideo.dmm.co.jp%2Fav%2Fcontent%2F%3Fid%3Dparat01190&af_id=okd0405-990&ch=api,,,,単体作品 / 人妻・主婦 / 3P・4P
1ifdva00012,1ifdva00012,digital,videoa,ラブごめ！ in 君野ゆめ,2009-05-17 10:00:33,https://video.dmm.co.jp/av/content/?id=1ifdva00012,https://al.fanza.co.jp/?lurl=https%3A%2F%2Fvideo.dmm.co.jp%2Fav%2Fcontent%2F%3Fid%3D1ifdva00012&af_id=okd0405-990&ch=api,,,,騎乗位 / 単体作品 / シックスナイン / 中出し / 裸エプロン
1ifdva00011,1ifdva00011,digital,videoa,長門ユウキ 有機アンドロイドコスプレギャラリー,2009-05-17 10:00:32,https://video.dmm.co.jp/av/content/?id=1ifdva00011,https://al.fanza.co.jp/?lurl=https%3A%2F%2Fvideo.dmm.co.jp%2Fav%2Fcontent%2F%3Fid%3D1ifdva00011&af_id=okd0405-990&ch=api,,,,めがね / 単体作品 / コスプレ / 水着
1star00012,1star00012,digital,videoa,美少女が没頭！極太11SEX 長澤つぐみ,2009-05-17 10:00:31,https://video.dmm.co.jp/av/content/?id=1star00012,https://al.fanza.co.jp/?lurl=https%3A%2F%2Fvideo.dmm.co.jp%2Fav%2Fcontent%2F%3Fid%3D1star00012&af_id=okd0405-990&ch=api,,,,3P・4P / 単体作品 / 拘束 / デジモ / 騎乗位
1star00011,1star00011,digital,videoa,芸能人 櫻井ゆうこ 芸能人とゴージャスセックスライフ,2009-05-17 10:00:30,https://video.dmm.co.jp/av/content/?id=1star00011,https://al.fanza.co.jp/?lurl=https%3A%2F%2Fvideo.dmm.co.jp%2Fav%2Fcontent%2F%3Fid%3D1star00011&af_id=okd0405-990&ch=api,,,,巨乳 / デジモ / 3P・4P / アイドル・芸能人 / パイズリ / 単体作品
1star00010,1star00010,digital,videoa,芸能人 琴乃 いっぱいエッチしよ◆オナニーのお手伝いしてあげる,2009-05-17 10:00:29,https://video.dmm.co.jp/av/content/?id=1star00010,https://al.fanza.co.jp/?lurl=https%3A%2F%2Fvideo.dmm.co.jp%2Fav%2Fcontent%2F%3Fid%3D1star00010&af_id=okd0405-990&ch=api,,,,単体作品 / コスプレ / 騎乗位 / アイドル・芸能人 / デジモ
1iesm00031,1iesm00031,digital,videoa,鬼達磨 大石もえ,2009-05-17 10:00:28,https://video.dmm.co.jp/av/content/?id=1iesm00031,https://al.fanza.co.jp/?lurl=https%3A%2F%2Fvideo.dmm.co.jp%2Fav%2Fcontent%2F%3Fid%3D1iesm00031&af_id=okd0405-990&ch=api,,,,SM / 人妻・主婦 / 潮吹き / 単体作品
1havd00362,1havd00362,digital,videoa,業界NO.1 美巨乳りおといっぱいHしよ！ 浜崎りお,2009-05-17 10:00:27,https://video.dmm.co.jp/av/content/?id=1havd00362,https://al.fanza.co.jp/?lurl=https%3A%2F%2Fvideo.dmm.co.jp%2Fav%2Fcontent%2F%3Fid%3D1havd00362&af_id=okd0405-990&ch=api,,,,単体作品 / 騎乗位 / デジモ / 3P・4P / 巨乳
1futd00049,1futd00049,digital,videoa,人妻官能劇場 夫を支える献身的な妻 村上涼子,2009-05-17 10:00:26,https://video.dmm.co.jp/av/content/?id=1futd00049,https://al.fanza.co.jp/?lurl=https%3A%2F%2Fvideo.dmm.co.jp%2Fav%2Fcontent%2F%3Fid%3D1futd00049&af_id=okd0405-990&ch=api,,,,騎乗位 / シックスナイン / 単体作品 / 人妻・主婦 / デジモ
1fset00087,1fset00087,digital,videoa,キモメンにイカされる我那覇レイ,2009-05-17 10:00:25,https://video.dmm.co.jp/av/content/?id=1fset00087,https://al.fanza.co.jp/?lurl=https%3A%2F%2Fvideo.dmm.co.jp%2Fav%2Fcontent%2F%3Fid%3D1fset00087&af_id=okd0405-990&ch=api,,,,クンニ / 単体作品 / デジモ / 顔射 / 騎乗位
1dvdps00951,1dvdps00951,digital,videoa,元実業団ソフトボール選手で全日本代表候補 川愛加奈 プレイボールから潮吹き×イキまくり！,2009-05-17 10:00:24,https://video.dmm.co.jp/av/content/?id=1dvdps00951,https://al.fanza.co.jp/?lurl=https%3A%2F%2Fvideo.dmm.co.jp%2Fav%2Fcontent%2F%3Fid%3D1dvdps00951&af_id=okd0405-990&ch=api,,,,単体作品 / コスプレ / 潮吹き / 3P・4P / デジモ
1iesp00325,1iesp00325,digital,videoa,新任女教師 中出し20連発 黒沢英里奈,2009-05-17 10:00:23,https://video.dmm.co.jp/av/content/?id=1iesp00325,https://al.fanza.co.jp/?lurl=https%3A%2F%2Fvideo.dmm.co.jp%2Fav%2Fcontent%2F%3Fid%3D1iesp00325&af_id=okd0405-990&ch=api,,,,女教師 / 学園もの / 中出し / 単体作品
1idol00099,1idol00099,digital,videoa,ぬるぬるべっとり 麻生岬,2009-05-17 10:00:22,https://video.dmm.co.jp/av/content/?id=1idol00099,https://al.fanza.co.jp/?lurl=https%3A%2F%2Fvideo.dmm.co.jp%2Fav%2Fcontent%2F%3Fid%3D1idol00099&af_id=okd0405-990&ch=api,,,,単体作品 / 巨乳 / 3P・4P / 騎乗位
1dvdps00936,1dvdps00936,digital,videoa,妃乃ひかり 僕だけの超リアルドール,2009-05-17 10:00:21,https://video.dmm.co.jp/av/content/?id=1dvdps00936,https://al.fanza.co.jp/?lurl=https%3A%2F%2Fvideo.dmm.co.jp%2Fav%2Fcontent%2F%3Fid%3D1dvdps00936&af_id=okd0405-990&ch=api,,,,パイズリ / デジモ / 単体作品 / 巨乳
1dvdps00935,1dvdps00935,digital,videoa,Sexporting 01 現役女子体育大生バドミントン選手 佐伯奈々,2009-05-17 10:00:20,https://video.dmm.co.jp/av/content/?id=1dvdps00935,https://al.fanza.co.jp/?lurl=https%3A%2F%2Fvideo.dmm.co.jp%2Fav%2Fcontent%2F%3Fid%3D1dvdps00935&af_id=okd0405-990&ch=api,,,,単体作品 / 指マン / 騎乗位 / デジモ
1iesp00306,1iesp00306,digital,videoa,浴衣 中出し20連発 天衣みつ,2009-05-17 10:00:19,https://video.dmm.co.jp/av/content/?id=1iesp00306,https://al.fanza.co.jp/?lurl=https%3A%2F%2Fvideo.dmm.co.jp%2Fav%2Fcontent%2F%3Fid%3D1iesp00306&af_id=okd0405-990&ch=api,,,,縛り・緊縛 / 中出し / 和服・浴衣 / 単体作品
1dvift00034,1dvift00034,digital,videoa,釈コス 君野ゆめ,2009-05-17 10:00:18,https://video.dmm.co.jp/av/content/?id=1dvift00034,https://al.fanza.co.jp/?lurl=https%3A%2F%2Fvideo.dmm.co.jp%2Fav%2Fcontent%2F%3Fid%3D1dvift00034&af_id=okd0405-990&ch=api,,,,デジモ / 3P・4P / 単体作品 / 騎乗位 / コスプレ
1wtk00043,1wtk00043,digital,videoa,Age26 山崎亜美 4 芸能人 痴●の虜,2009-05-17 10:00:17,https://video.dmm.co.jp/av/content/?id=1wtk00043,https://al.fanza.co.jp/?lurl=https%3A%2F%2Fvideo.dmm.co.jp%2Fav%2Fcontent%2F%3Fid%3D1wtk00043&af_id=okd0405-990&ch=api,,,,単体作品 / 指マン / 辱め
1wtk00046,1wtk00046,digital,videoa,淫乱病棟 女医ゆみが持つ変態願望,2009-05-17 10:00:16,https://video.dmm.co.jp/av/content/?id=1wtk00046,https://al.fanza.co.jp/?lurl=https%3A%2F%2Fvideo.dmm.co.jp%2Fav%2Fcontent%2F%3Fid%3D1wtk00046&af_id=okd0405-990&ch=api,,,,巨乳 / 女医 / 中出し / 騎乗位
1wtk00044,1wtk00044,digital,videoa,スペレズW乱交 初めて体験するレズの快楽,2009-05-17 10:00:15,https://video.dmm.co.jp/av/content/?id=1wtk00044,https://al.fanza.co.jp/?lurl=https%3A%2F%2Fvideo.dmm.co.jp%2Fav%2Fcontent%2F%3Fid%3D1wtk00044&af_id=okd0405-990&ch=api,,,,乱交 / 拘束 / レズビアン / 騎乗位 / 熟女
1sdms00183,1sdms00183,digital,videoa,スーパーマジックミラー号 外伝 恥じらい素人お嬢さん柔肌露出スペシャル！！古都金沢！,2009-05-17 10:00:13,https://video.dmm.co.jp/av/content/?id=1sdms00183,https://al.fanza.co.jp/?lurl=https%3A%2F%2Fvideo.dmm.co.jp%2Fav%2Fcontent%2F%3Fid%3D1sdms00183&af_id=okd0405-990&ch=api,,,,処女 / 指マン / ナンパ / 素人 / 企画
1sdms00180,1sdms00180,digital,videoa,思春期☆学生の初めてのABC 手●キ、フ●ラ、S●X,2009-05-17 10:00:12,https://video.dmm.co.jp/av/content/?id=1sdms00180,https://al.fanza.co.jp/?lurl=https%3A%2F%2Fvideo.dmm.co.jp%2Fav%2Fcontent%2F%3Fid%3D1sdms00180&af_id=okd0405-990&ch=api,,,,学園もの / 3P・4P
1sdms00176,1sdms00176,digital,videoa,母娘でおぼえる本当の性教育 お父さんには言えない授業参観日,2009-05-17 10:00:11,https://video.dmm.co.jp/av/content/?id=1sdms00176,https://al.fanza.co.jp/?lurl=https%3A%2F%2Fvideo.dmm.co.jp%2Fav%2Fcontent%2F%3Fid%3D1sdms00176&af_id=okd0405-990&ch=api,,,,指マン / 学園もの / 潮吹き / 乱交 / 女子校生
1nhdt00491,1nhdt00491,digital,videoa,大人の玩具 ～陳列される少女達～,2009-05-17 10:00:09,https://video.dmm.co.jp/av/content/?id=1nhdt00491,https://al.fanza.co.jp/?lurl=https%3A%2F%2Fvideo.dmm.co.jp%2Fav%2Fcontent%2F%3Fid%3D1nhdt00491&af_id=okd0405-990&ch=api,,,,3P・4P / 中出し / 巨乳 / 拘束 / 騎乗位
1nhdt00490,1nhdt00490,digital,videoa,痴●最前線,2009-05-17 10:00:08,https://video.dmm.co.jp/av/content/?id=1nhdt00490,https://al.fanza.co.jp/?lurl=https%3A%2F%2Fvideo.dmm.co.jp%2Fav%2Fcontent%2F%3Fid%3D1nhdt00490&af_id=okd0405-990&ch=api,,,,美乳 / 指マン / 潮吹き
1nhdt00488,1nhdt00488,digital,videoa,女子校生自転車リンチ軍団,2009-05-17 10:00:07,https://video.dmm.co.jp/av/content/?id=1nhdt00488,https://al.fanza.co.jp/?lurl=https%3A%2F%2Fvideo.dmm.co.jp%2Fav%2Fcontent%2F%3Fid%3D1nhdt00488&af_id=okd0405-990&ch=api,,,,女子校生 / 3P・4P / 野外・露出 / 痴女
1vspds00257,1vspds00257,digital,videoa,僕は透明人間！ 総集編,2009-05-17 10:00:06,https://video.dmm.co.jp/av/content/?id=1vspds00257,https://al.fanza.co.jp/?lurl=https%3A%2F%2Fvideo.dmm.co.jp%2Fav%2Fcontent%2F%3Fid%3D1vspds00257&af_id=okd0405-990&ch=api,,,,3P・4P / 企画 / ベスト・総集編 / 野外・露出 / 騎乗位
1dandy00060,1dandy00060,digital,videoa,「路線バスで美淑女の尻に勃起チ○ポを擦りつけたらヤられるか？」 VOL.1,2009-05-17 10:00:05,https://video.dmm.co.jp/av/content/?id=1dandy00060,https://al.fanza.co.jp/?lurl=https%3A%2F%2Fvideo.dmm.co.jp%2Fav%2Fcontent%2F%3Fid%3D1dandy00060&af_id=okd0405-990&ch=api,,,,巨乳 / 潮吹き / デジモ / 人妻・主婦
1dandy00058,1dandy00058,digital,videoa,「みるみる出張が好きになる！これがグ○ーンアテンダントにヌかせるテクニック10箇条」,2009-05-17 10:00:04,https://video.dmm.co.jp/av/content/?id=1dandy00058,https://al.fanza.co.jp/?lurl=https%3A%2F%2Fvideo.dmm.co.jp%2Fav%2Fcontent%2F%3Fid%3D1dandy00058&af_id=okd0405-990&ch=api,,,,職業色々 / パイズリ / デジモ / 指マン / 潮吹き
1fset00088,1fset00088,digital,videoa,下宿したら男は僕一人ぼっちだった…。 3,2009-05-17 10:00:03,https://video.dmm.co.jp/av/content/?id=1fset00088,https://al.fanza.co.jp/?lurl=https%3A%2F%2Fvideo.dmm.co.jp%2Fav%2Fcontent%2F%3Fid%3D1fset00088&af_id=okd0405-990&ch=api,,,,デジモ / お姉さん / 足コキ / 騎乗位
1iesp00335,1iesp00335,digital,videoa,ゆきとのりこ,2009-05-17 10:00:02,https://video.dmm.co.jp/av/content/?id=1iesp00335,https://al.fanza.co.jp/?lurl=https%3A%2F%2Fvideo.dmm.co.jp%2Fav%2Fcontent%2F%3Fid%3D1iesp00335&af_id=okd0405-990&ch=api,,,,ミニ系 / レズビアン / シックスナイン / クンニ
1fset00086,1fset00086,digital,videoa,筋肉熟女 高瀬みどり 41歳,2009-05-17 10:00:01,https://video.dmm.co.jp/av/content/?id=1fset00086,https://al.fanza.co.jp/?lurl=https%3A%2F%2Fvideo.dmm.co.jp%2Fav%2Fcontent%2F%3Fid%3D1fset00086&af_id=okd0405-990&ch=api,,,,騎乗位 / 熟女 / 単体作品 / デジモ / 筋肉
jzll001,jzll001,digital,videoa,集団レ●プ魔婦女暴行記録映像,2009-05-17 10:00:00,https://video.dmm.co.jp/av/content/?id=jzll001,https://al.fanza.co.jp/?lurl=https%3A%2F%2Fvideo.dmm.co.jp%2Fav%2Fcontent%2F%3Fid%3Djzll001&af_id=okd0405-990&ch=api,,,,インディーズ / 監禁 / 辱め
h_170vnds942,h_170vnds942,digital,videoa,息子の童貞を奪った教育ママ,2009-05-17 10:00:00,https://video.dmm.co.jp/av/content/?id=h_170vnds942,https://al.fanza.co.jp/?lurl=https%3A%2F%2Fvideo.dmm.co.jp%2Fav%2Fcontent%2F%3Fid%3Dh_170vnds942&af_id=okd0405-990&ch=api,,,,熟女 / 近親相姦 / 巨乳 / 騎乗位
h_067rnade389r,h_067rnade389r,digital,videoa,熟女汁 4時間,2009-05-17 10:00:00,https://video.dmm.co.jp/av/content/?id=h_067rnade389r,https://al.fanza.co.jp/?lurl=https%3A%2F%2Fvideo.dmm.co.jp%2Fav%2Fcontent%2F%3Fid%3Dh_067rnade389r&af_id=okd0405-990&ch=api,,,,電マ / 熟女 / 騎乗位
h_001rev00001,h_001rev00001,digital,videoa,巨乳奥様生中出し 1,2009-05-17 10:00:00,https://video.dmm.co.jp/av/content/?id=h_001rev00001,https://al.fanza.co.jp/?lurl=https%3A%2F%2Fvideo.dmm.co.jp%2Fav%2Fcontent%2F%3Fid%3Dh_001rev00001&af_id=okd0405-990&ch=api,,,,巨乳 / 人妻・主婦 / 中出し / 騎乗位
67pa910,67pa910,digital,videoa,四十路（よそじ）第6章,2009-05-17 10:00:00,https://video.dmm.co.jp/av/content/?id=67pa910,https://al.fanza.co.jp/?lurl=https%3A%2F%2Fvideo.dmm.co.jp%2Fav%2Fcontent%2F%3Fid%3D67pa910&af_id=okd0405-990&ch=api,,,,熟女 / 美乳 / 放尿・お漏らし / 単体作品
65tpd00027,65tpd00027,digital,videoa,義母さんもうガマンできない VOL.8,2009-05-17 10:00:00,https://video.dmm.co.jp/av/content/?id=65tpd00027,https://al.fanza.co.jp/?lurl=https%3A%2F%2Fvideo.dmm.co.jp%2Fav%2Fcontent%2F%3Fid%3D65tpd00027&af_id=okd0405-990&ch=api,,,,熟女 / 義母 / クンニ
61rmd761r,61rmd761r,digital,videoa,生中出し巨乳ギャル 6,2009-05-17 10:00:00,https://video.dmm.co.jp/av/content/?id=61rmd761r,https://al.fanza.co.jp/?lurl=https%3A%2F%2Fvideo.dmm.co.jp%2Fav%2Fcontent%2F%3Fid%3D61rmd761r&af_id=okd0405-990&ch=api,,,,ギャル / ハメ撮り / 中出し / 巨乳
57mc00646,57mc00646,digital,videoa,ガマンできない38歳 快淫痙攣編,2009-05-17 10:00:00,https://video.dmm.co.jp/av/content/?id=57mc00646,https://al.fanza.co.jp/?lurl=https%3A%2F%2Fvideo.dmm.co.jp%2Fav%2Fcontent%2F%3Fid%3D57mc00646&af_id=okd0405-990&ch=api,,,,人妻・主婦 / バイブ / 異物挿入 / 熟女
52fe00191,52fe00191,digital,videoa,汚れた女子校生 5 素顔の制服たち,2009-05-17 10:00:00,https://video.dmm.co.jp/av/content/?id=52fe00191,https://al.fanza.co.jp/?lurl=https%3A%2F%2Fvideo.dmm.co.jp%2Fav%2Fcontent%2F%3Fid%3D52fe00191&af_id=okd0405-990&ch=api,,,,巨乳 / 体操着・ブルマ / 素人 / 女子校生
434gasu013,434gasu013,digital,videoa,Hips every thing,2009-05-17 10:00:00,https://video.dmm.co.jp/av/content/?id=434gasu013,https://al.fanza.co.jp/?lurl=https%3A%2F%2Fvideo.dmm.co.jp%2Fav%2Fcontent%2F%3Fid%3D434gasu013&af_id=okd0405-990&ch=api,,,,バイブ / フェラ / スレンダー / パンスト・タイツ / 尻フェチ
41gls00002,41gls00002,digital,videoa,pure 女の子たちの恥ずかしい告白 ～coming century～,2009-05-17 10:00:00,https://video.dmm.co.jp/av/content/?id=41gls00002,https://al.fanza.co.jp/?lurl=https%3A%2F%2Fvideo.dmm.co.jp%2Fav%2Fcontent%2F%3Fid%3D41gls00002&af_id=okd0405-990&ch=api,,,,ドキュメンタリー
23ush00004,23ush00004,digital,videoa,U＆Kベスト2008年下半期ラインナップ作品集,2009-05-17 10:00:00,https://video.dmm.co.jp/av/content/?id=23ush00004,https://al.fanza.co.jp/?lurl=https%3A%2F%2Fvideo.dmm.co.jp%2Fav%2Fcontent%2F%3Fid%3D23ush00004&af_id=okd0405-990&ch=api,,,,ハメ撮り / 手コキ / ベスト・総集編
1wtk00047,1wtk00047,digital,videoa,Age30 鮎原かおり 若妻 某大手メディア編集部部長,2009-05-17 10:00:00,https://video.dmm.co.jp/av/content/?id=1wtk00047,https://al.fanza.co.jp/?lurl=https%3A%2F%2Fvideo.dmm.co.jp%2Fav%2Fcontent%2F%3Fid%3D1wtk00047&af_id=okd0405-990&ch=api,,,,単体作品 / 熟女 / 中出し / 3P・4P / アナル / 異物挿入
1wtk00045,1wtk00045,digital,videoa,大人の隠れ湯 乱交遊戯温泉へようこそ,2009-05-17 10:00:00,https://video.dmm.co.jp/av/content/?id=1wtk00045,https://al.fanza.co.jp/?lurl=https%3A%2F%2Fvideo.dmm.co.jp%2Fav%2Fcontent%2F%3Fid%3D1wtk00045&af_id=okd0405-990&ch=api,,,,乱交 / 熟女 / 3P・4P / 女将・女主人 / 騎乗位
1vspds00273,1vspds00273,digital,videoa,素人コギャルズ MANIAX 超ウテウテ BEST REMIX 3,2009-05-17 10:00:00,https://video.dmm.co.jp/av/content/?id=1vspds00273,https://al.fanza.co.jp/?lurl=https%3A%2F%2Fvideo.dmm.co.jp%2Fav%2Fcontent%2F%3Fid%3D1vspds00273&af_id=okd0405-990&ch=api,,,,素人 / 騎乗位 / パイズリ / ギャル / ベスト・総集編
1vspds00272,1vspds00272,digital,videoa,巨乳温泉コンパニオン 2,2009-05-17 10:00:00,https://video.dmm.co.jp/av/content/?id=1vspds00272,https://al.fanza.co.jp/?lurl=https%3A%2F%2Fvideo.dmm.co.jp%2Fav%2Fcontent%2F%3Fid%3D1vspds00272&af_id=okd0405-990&ch=api,,,,乱交 / コンパニオン / パイズリ / 騎乗位 / 巨乳
1vspds00270,1vspds00270,digital,videoa,会社で女子社員にやってみたいエッチなことベストテン 3,2009-05-17 10:00:00,https://video.dmm.co.jp/av/content/?id=1vspds00270,https://al.fanza.co.jp/?lurl=https%3A%2F%2Fvideo.dmm.co.jp%2Fav%2Fcontent%2F%3Fid%3D1vspds00270&af_id=okd0405-990&ch=api,,,,クンニ / 企画 / OL / 指マン / 浣腸
1vspds00269,1vspds00269,digital,videoa,アキバ系人気アイドルが中出しデビュー！ 緑川えみ,2009-05-17 10:00:00,https://video.dmm.co.jp/av/content/?id=1vspds00269,https://al.fanza.co.jp/?lurl=https%3A%2F%2Fvideo.dmm.co.jp%2Fav%2Fcontent%2F%3Fid%3D1vspds00269&af_id=okd0405-990&ch=api,,,,デジモ / 指マン / コスプレ / 中出し / 3P・4P / 単体作品
1vspds00259,1vspds00259,digital,videoa,綺麗なお姉さんの筆おろし,2009-05-17 10:00:00,https://video.dmm.co.jp/av/content/?id=1vspds00259,https://al.fanza.co.jp/?lurl=https%3A%2F%2Fvideo.dmm.co.jp%2Fav%2Fcontent%2F%3Fid%3D1vspds00259&af_id=okd0405-990&ch=api,,,,シックスナイン / 人妻・主婦 / 女教師 / 騎乗位 / お姉さん
1vspds00258,1vspds00258,digital,videoa,巨乳スイミングスクール PART.3,2009-05-17 10:00:00,https://video.dmm.co.jp/av/content/?id=1vspds00258,https://al.fanza.co.jp/?lurl=https%3A%2F%2Fvideo.dmm.co.jp%2Fav%2Fcontent%2F%3Fid%3D1vspds00258&af_id=okd0405-990&ch=api,,,,デジモ / 水着 / 巨乳フェチ / 乱交 / 巨乳
1vspds00256,1vspds00256,digital,videoa,巨乳ファミレス パイレーツ,2009-05-17 10:00:00,https://video.dmm.co.jp/av/content/?id=1vspds00256,https://al.fanza.co.jp/?lurl=https%3A%2F%2Fvideo.dmm.co.jp%2Fav%2Fcontent%2F%3Fid%3D1vspds00256&af_id=okd0405-990&ch=api,,,,騎乗位 / ウェイトレス / 乱交 / パイズリ / 巨乳
1vspds00255,1vspds00255,digital,videoa,一度は行きたい！最高級ソープランド 2,2009-05-17 10:00:00,https://video.dmm.co.jp/av/content/?id=1vspds00255,https://al.fanza.co.jp/?lurl=https%3A%2F%2Fvideo.dmm.co.jp%2Fav%2Fcontent%2F%3Fid%3D1vspds00255&af_id=okd0405-990&ch=api,,,,中出し / パイズリ / デジモ / キャバ嬢・風俗嬢 / アナル
1vspds00254,1vspds00254,digital,videoa,時間よ止まれ！ パート7,2009-05-17 10:00:00,https://video.dmm.co.jp/av/content/?id=1vspds00254,https://al.fanza.co.jp/?lurl=https%3A%2F%2Fvideo.dmm.co.jp%2Fav%2Fcontent%2F%3Fid%3D1vspds00254&af_id=okd0405-990&ch=api,,,,企画 / 中出し / 指マン / 巨乳 / 3P・4P
1tot00040,1tot00040,digital,videoa,アンチ痴●バス興業（株） VOL.20,2009-05-17 10:00:00,https://video.dmm.co.jp/av/content/?id=1tot00040,https://al.fanza.co.jp/?lurl=https%3A%2F%2Fvideo.dmm.co.jp%2Fav%2Fcontent%2F%3Fid%3D1tot00040&af_id=okd0405-990&ch=api,,,,指マン / 女子校生 / 巨乳
1svdvd00012,1svdvd00012,digital,videoa,羞恥！イタズラ温泉。,2009-05-17 10:00:00,https://video.dmm.co.jp/av/content/?id=1svdvd00012,https://al.fanza.co.jp/?lurl=https%3A%2F%2Fvideo.dmm.co.jp%2Fav%2Fcontent%2F%3Fid%3D1svdvd00012&af_id=okd0405-990&ch=api,,,,イタズラ / 盗撮・のぞき / 野外・露出 / 羞恥 / 素人 / デジモ
1svdvd00011,1svdvd00011,digital,videoa,レ●プ！面接に来た女優をその場で速攻レ●プ！,2009-05-17 10:00:00,https://video.dmm.co.jp/av/content/?id=1svdvd00011,https://al.fanza.co.jp/?lurl=https%3A%2F%2Fvideo.dmm.co.jp%2Fav%2Fcontent%2F%3Fid%3D1svdvd00011&af_id=okd0405-990&ch=api,,,,顔射 / 淫乱・ハード系 / デジモ
1svdvd00004,1svdvd00004,digital,videoa,羞恥指令！素人さん、ノーパン・ノーブラでスポーツクラブにイッちゃって！,2009-05-17 10:00:00,https://video.dmm.co.jp/av/content/?id=1svdvd00004,https://al.fanza.co.jp/?lurl=https%3A%2F%2Fvideo.dmm.co.jp%2Fav%2Fcontent%2F%3Fid%3D1svdvd00004&af_id=okd0405-990&ch=api,,,,スポーツ / 羞恥 / デジモ / 素人 / 企画 / 騎乗位
1svdvd00001,1svdvd00001,digital,videoa,レ●プ！無人島サバイバー 捕まったら最後 LAST シーズン1,2009-05-17 10:00:00,https://video.dmm.co.jp/av/content/?id=1svdvd00001,https://al.fanza.co.jp/?lurl=https%3A%2F%2Fvideo.dmm.co.jp%2Fav%2Fcontent%2F%3Fid%3D1svdvd00001&af_id=okd0405-990&ch=api,,,,指マン / 騎乗位 / 野外・露出 / デジモ
1sdms00201,1sdms00201,digital,videoa,ちんちん大好き発情娘3人による勃起必至！！寸止めチ○ポ強化しごき,2009-05-17 10:00:00,https://video.dmm.co.jp/av/content/?id=1sdms00201,https://al.fanza.co.jp/?lurl=https%3A%2F%2Fvideo.dmm.co.jp%2Fav%2Fcontent%2F%3Fid%3D1sdms00201&af_id=okd0405-990&ch=api,,,,手コキ / 騎乗位 / 3P・4P
1sdms00200,1sdms00200,digital,videoa,露出×羞恥×人前SEX,2009-05-17 10:00:00,https://video.dmm.co.jp/av/content/?id=1sdms00200,https://al.fanza.co.jp/?lurl=https%3A%2F%2Fvideo.dmm.co.jp%2Fav%2Fcontent%2F%3Fid%3D1sdms00200&af_id=okd0405-990&ch=api,,,,指マン / 羞恥 / 企画 / 野外・露出 / 騎乗位
1sdms00199,1sdms00199,digital,videoa,処女喪失後… 戸田恵梨 19歳,2009-05-17 10:00:00,https://video.dmm.co.jp/av/content/?id=1sdms00199,https://al.fanza.co.jp/?lurl=https%3A%2F%2Fvideo.dmm.co.jp%2Fav%2Fcontent%2F%3Fid%3D1sdms00199&af_id=okd0405-990&ch=api,,,,ハメ撮り / 3P・4P / 単体作品 / パイパン
1sdms00189,1sdms00189,digital,videoa,不妊教室のご案内 2,2009-05-17 10:00:00,https://video.dmm.co.jp/av/content/?id=1sdms00189,https://al.fanza.co.jp/?lurl=https%3A%2F%2Fvideo.dmm.co.jp%2Fav%2Fcontent%2F%3Fid%3D1sdms00189&af_id=okd0405-990&ch=api,,,,シックスナイン / 企画 / 指マン
1sdms00187,1sdms00187,digital,videoa,受験生合コン,2009-05-17 10:00:00,https://video.dmm.co.jp/av/content/?id=1sdms00187,https://al.fanza.co.jp/?lurl=https%3A%2F%2Fvideo.dmm.co.jp%2Fav%2Fcontent%2F%3Fid%3D1sdms00187&af_id=okd0405-990&ch=api,,,,コスプレ / 企画 / 3P・4P / 指マン
1sdms00186,1sdms00186,digital,videoa,某有名出会い系サイトで見つけたギザカワ写メの素人お嬢さん！,2009-05-17 10:00:00,https://video.dmm.co.jp/av/content/?id=1sdms00186,https://al.fanza.co.jp/?lurl=https%3A%2F%2Fvideo.dmm.co.jp%2Fav%2Fcontent%2F%3Fid%3D1sdms00186&af_id=okd0405-990&ch=api,,,,素人 / ナンパ / 騎乗位 / 企画
1sdms00185,1sdms00185,digital,videoa,素人お嬢さん マジックミラー号痴●電車がイク！！ 3号車 IN 水戸,2009-05-17 10:00:00,https://video.dmm.co.jp/av/content/?id=1sdms00185,https://al.fanza.co.jp/?lurl=https%3A%2F%2Fvideo.dmm.co.jp%2Fav%2Fcontent%2F%3Fid%3D1sdms00185&af_id=okd0405-990&ch=api,,,,企画 / 素人 / ナンパ
1sdms00182,1sdms00182,digital,videoa,子役タレントオーディション,2009-05-17 10:00:00,https://video.dmm.co.jp/av/content/?id=1sdms00182,https://al.fanza.co.jp/?lurl=https%3A%2F%2Fvideo.dmm.co.jp%2Fav%2Fcontent%2F%3Fid%3D1sdms00182&af_id=okd0405-990&ch=api,,,,ぶっかけ / 拘束 / ミニ系 / 3P・4P / 騎乗位
1sdms00181,1sdms00181,digital,videoa,信州野沢で見つけたお嬢さん 混浴なので何も持たずに裸で温泉入ってみませんか？,2009-05-17 10:00:00,https://video.dmm.co.jp/av/content/?id=1sdms00181,https://al.fanza.co.jp/?lurl=https%3A%2F%2Fvideo.dmm.co.jp%2Fav%2Fcontent%2F%3Fid%3D1sdms00181&af_id=okd0405-990&ch=api,,,,企画 / 素人 / 羞恥
1sdms00178,1sdms00178,digital,videoa,2007 SOD女子社員 （生）納精子夏まつり,2009-05-17 10:00:00,https://video.dmm.co.jp/av/content/?id=1sdms00178,https://al.fanza.co.jp/?lurl=https%3A%2F%2Fvideo.dmm.co.jp%2Fav%2Fcontent%2F%3Fid%3D1sdms00178&af_id=okd0405-990&ch=api,,,,3P・4P / 企画 / 和服・浴衣 / 野外・露出 / 素人
1sdms00172,1sdms00172,digital,videoa,超激似！！平○理央,2009-05-17 10:00:00,https://video.dmm.co.jp/av/content/?id=1sdms00172,https://al.fanza.co.jp/?lurl=https%3A%2F%2Fvideo.dmm.co.jp%2Fav%2Fcontent%2F%3Fid%3D1sdms00172&af_id=okd0405-990&ch=api,,,,騎乗位 / 女子アナ / 拘束 / そっくりさん
1sdde00114,1sdde00114,digital,videoa,レディースサウナのお仕事,2009-05-17 10:00:00,https://video.dmm.co.jp/av/content/?id=1sdde00114,https://al.fanza.co.jp/?lurl=https%3A%2F%2Fvideo.dmm.co.jp%2Fav%2Fcontent%2F%3Fid%3D1sdde00114&af_id=okd0405-990&ch=api,,,,美乳 / 巨乳 / 企画 / 指マン
1sdde00113,1sdde00113,digital,videoa,ソフト・オン・デマンド調査隊 タダでヤらせてくれる「噂の温泉旅館」を探せ！,2009-05-17 10:00:00,https://video.dmm.co.jp/av/content/?id=1sdde00113,https://al.fanza.co.jp/?lurl=https%3A%2F%2Fvideo.dmm.co.jp%2Fav%2Fcontent%2F%3Fid%3D1sdde00113&af_id=okd0405-990&ch=api,,,,職業色々 / 和服・浴衣 / 企画
1sdde00112,1sdde00112,digital,videoa,子どものワイセツな遊びを考える会,2009-05-17 10:00:00,https://video.dmm.co.jp/av/content/?id=1sdde00112,https://al.fanza.co.jp/?lurl=https%3A%2F%2Fvideo.dmm.co.jp%2Fav%2Fcontent%2F%3Fid%3D1sdde00112&af_id=okd0405-990&ch=api,,,,手コキ / フェラ / 企画 / コスプレ
1sdde00111,1sdde00111,digital,videoa,手コキクリニック ～全国看護師大集合スペシャル～,2009-05-17 10:00:00,https://video.dmm.co.jp/av/content/?id=1sdde00111,https://al.fanza.co.jp/?lurl=https%3A%2F%2Fvideo.dmm.co.jp%2Fav%2Fcontent%2F%3Fid%3D1sdde00111&af_id=okd0405-990&ch=api,,,,看護婦・ナース / デジモ / ベスト・総集編 / 手コキ
1one00011,1one00011,digital,videoa,いい女 強●FUCK！ 4,2009-05-17 10:00:00,https://video.dmm.co.jp/av/content/?id=1one00011,https://al.fanza.co.jp/?lurl=https%3A%2F%2Fvideo.dmm.co.jp%2Fav%2Fcontent%2F%3Fid%3D1one00011&af_id=okd0405-990&ch=api,,,,辱め / 職業色々 / 中出し / 異物挿入
1nhdt00525,1nhdt00525,digital,videoa,女監督ハルナの美少女厳選素人ナンパ集,2009-05-17 10:00:00,https://video.dmm.co.jp/av/content/?id=1nhdt00525,https://al.fanza.co.jp/?lurl=https%3A%2F%2Fvideo.dmm.co.jp%2Fav%2Fcontent%2F%3Fid%3D1nhdt00525&af_id=okd0405-990&ch=api,,,,ベスト・総集編 / 美少女 / 素人 / ナンパ / 顔射
1nhdt00524,1nhdt00524,digital,videoa,無類の潮吹き電マ好き 16人超絶振動大失禁祭り,2009-05-17 10:00:00,https://video.dmm.co.jp/av/content/?id=1nhdt00524,https://al.fanza.co.jp/?lurl=https%3A%2F%2Fvideo.dmm.co.jp%2Fav%2Fcontent%2F%3Fid%3D1nhdt00524&af_id=okd0405-990&ch=api,,,,潮吹き / 拘束 / バイブ / ベスト・総集編 / 指マン
1nhdt00523,1nhdt00523,digital,videoa,覚醒拷問エクスタシー「縛」,2009-05-17 10:00:00,https://video.dmm.co.jp/av/content/?id=1nhdt00523,https://al.fanza.co.jp/?lurl=https%3A%2F%2Fvideo.dmm.co.jp%2Fav%2Fcontent%2F%3Fid%3D1nhdt00523&af_id=okd0405-990&ch=api,,,,拷問 / 縛り・緊縛 / 浣腸 / 3P・4P / 野外・露出 / SM
1nhdt00522,1nhdt00522,digital,videoa,レディースクリニック痴● 2,2009-05-17 10:00:00,https://video.dmm.co.jp/av/content/?id=1nhdt00522,https://al.fanza.co.jp/?lurl=https%3A%2F%2Fvideo.dmm.co.jp%2Fav%2Fcontent%2F%3Fid%3D1nhdt00522&af_id=okd0405-990&ch=api,,,,看護婦・ナース / 3P・4P / レズビアン / 羞恥
1nhdt00521,1nhdt00521,digital,videoa,○学生を強●パイパンにしてブッ壊せ！,2009-05-17 10:00:00,https://video.dmm.co.jp/av/content/?id=1nhdt00521,https://al.fanza.co.jp/?lurl=https%3A%2F%2Fvideo.dmm.co.jp%2Fav%2Fcontent%2F%3Fid%3D1nhdt00521&af_id=okd0405-990&ch=api,,,,浣腸 / パイパン / 中出し
1nhdt00519,1nhdt00519,digital,videoa,キャンプ痴●,2009-05-17 10:00:00,https://video.dmm.co.jp/av/content/?id=1nhdt00519,https://al.fanza.co.jp/?lurl=https%3A%2F%2Fvideo.dmm.co.jp%2Fav%2Fcontent%2F%3Fid%3D1nhdt00519&af_id=okd0405-990&ch=api,,,,潮吹き / 裸エプロン / 野外・露出
1nhdt00517,1nhdt00517,digital,videoa,18さい♀かんとく ☆エロプリクラ☆あ→ん 総集編,2009-05-17 10:00:00,https://video.dmm.co.jp/av/content/?id=1nhdt00517,https://al.fanza.co.jp/?lurl=https%3A%2F%2Fvideo.dmm.co.jp%2Fav%2Fcontent%2F%3Fid%3D1nhdt00517&af_id=okd0405-990&ch=api,,,,野外・露出 / ギャル / ベスト・総集編 / 企画 / 盗撮・のぞき
1nhdt00516,1nhdt00516,digital,videoa,痴●女子便所 特選獲物集,2009-05-17 10:00:00,https://video.dmm.co.jp/av/content/?id=1nhdt00516,https://al.fanza.co.jp/?lurl=https%3A%2F%2Fvideo.dmm.co.jp%2Fav%2Fcontent%2F%3Fid%3D1nhdt00516&af_id=okd0405-990&ch=api,,,,放尿・お漏らし / レズビアン / ベスト・総集編
1nhdt00515,1nhdt00515,digital,videoa,街で見かけたケンカして泣いている女をなぐさめたらヤれるのか？,2009-05-17 10:00:00,https://video.dmm.co.jp/av/content/?id=1nhdt00515,https://al.fanza.co.jp/?lurl=https%3A%2F%2Fvideo.dmm.co.jp%2Fav%2Fcontent%2F%3Fid%3D1nhdt00515&af_id=okd0405-990&ch=api,,,,3P・4P / カーセックス / 騎乗位
1nhdt00514,1nhdt00514,digital,videoa,真夏の泥●女子校生をヤッちまえ！！ 水着ver.,2009-05-17 10:00:00,https://video.dmm.co.jp/av/content/?id=1nhdt00514,https://al.fanza.co.jp/?lurl=https%3A%2F%2Fvideo.dmm.co.jp%2Fav%2Fcontent%2F%3Fid%3D1nhdt00514&af_id=okd0405-990&ch=api,,,,女子校生 / 水着 / 辱め / 野外・露出
1nhdt00513,1nhdt00513,digital,videoa,親子連れ痴● 2,2009-05-17 10:00:00,https://video.dmm.co.jp/av/content/?id=1nhdt00513,https://al.fanza.co.jp/?lurl=https%3A%2F%2Fvideo.dmm.co.jp%2Fav%2Fcontent%2F%3Fid%3D1nhdt00513&af_id=okd0405-990&ch=api,,,,女子校生 / 熟女 / 中出し
1nhdt00512,1nhdt00512,digital,videoa,路上痴● 2,2009-05-17 10:00:00,https://video.dmm.co.jp/av/content/?id=1nhdt00512,https://al.fanza.co.jp/?lurl=https%3A%2F%2Fvideo.dmm.co.jp%2Fav%2Fcontent%2F%3Fid%3D1nhdt00512&af_id=okd0405-990&ch=api,,,,野外・露出 / 潮吹き / 指マン
1nhdt00511,1nhdt00511,digital,videoa,プール痴● 4,2009-05-17 10:00:00,https://video.dmm.co.jp/av/content/?id=1nhdt00511,https://al.fanza.co.jp/?lurl=https%3A%2F%2Fvideo.dmm.co.jp%2Fav%2Fcontent%2F%3Fid%3D1nhdt00511&af_id=okd0405-990&ch=api,,,,中出し / デジモ / 水着
1nhdt00508,1nhdt00508,digital,videoa,夏期限定！薄着巨乳娘を狙え！路上ボイン揉みしだき隊,2009-05-17 10:00:00,https://video.dmm.co.jp/av/content/?id=1nhdt00508,https://al.fanza.co.jp/?lurl=https%3A%2F%2Fvideo.dmm.co.jp%2Fav%2Fcontent%2F%3Fid%3D1nhdt00508&af_id=okd0405-990&ch=api,,,,巨乳フェチ / 野外・露出 / 巨乳
1nhdt00504,1nhdt00504,digital,videoa,真実のレ●プ！「怒りオンナ」,2009-05-17 10:00:00,https://video.dmm.co.jp/av/content/?id=1nhdt00504,https://al.fanza.co.jp/?lurl=https%3A%2F%2Fvideo.dmm.co.jp%2Fav%2Fcontent%2F%3Fid%3D1nhdt00504&af_id=okd0405-990&ch=api,,,,中出し / 顔射 / 企画
1nhdt00495,1nhdt00495,digital,videoa,眠剤C学生 総集編 騙された少女達の全記録,2009-05-17 10:00:00,https://video.dmm.co.jp/av/content/?id=1nhdt00495,https://al.fanza.co.jp/?lurl=https%3A%2F%2Fvideo.dmm.co.jp%2Fav%2Fcontent%2F%3Fid%3D1nhdt00495&af_id=okd0405-990&ch=api,,,,ミニ系 / ベスト・総集編 / ドラッグ
1nhdt00494,1nhdt00494,digital,videoa,エレベーターレズ痴● 2,2009-05-17 10:00:00,https://video.dmm.co.jp/av/content/?id=1nhdt00494,https://al.fanza.co.jp/?lurl=https%3A%2F%2Fvideo.dmm.co.jp%2Fav%2Fcontent%2F%3Fid%3D1nhdt00494&af_id=okd0405-990&ch=api,,,,クンニ / 痴女 / レズビアン
1nhdt00493,1nhdt00493,digital,videoa,純な色白お嬢さん！ あなたの恥しい顔みせて下さい！！,2009-05-17 10:00:00,https://video.dmm.co.jp/av/content/?id=1nhdt00493,https://al.fanza.co.jp/?lurl=https%3A%2F%2Fvideo.dmm.co.jp%2Fav%2Fcontent%2F%3Fid%3D1nhdt00493&af_id=okd0405-990&ch=api,,,,素人 / 企画 / 羞恥 / アナル / ナンパ
1nhdt00492,1nhdt00492,digital,videoa,アナル痴●バス興業（株） 2,2009-05-17 10:00:00,https://video.dmm.co.jp/av/content/?id=1nhdt00492,https://al.fanza.co.jp/?lurl=https%3A%2F%2Fvideo.dmm.co.jp%2Fav%2Fcontent%2F%3Fid%3D1nhdt00492&af_id=okd0405-990&ch=api,,,,浣腸 / 指マン / アナルセックス
1nhdt00486,1nhdt00486,digital,videoa,素人潮吹き嬢 完全永久保存版 30人51吹き8時間SPECIAL,2009-05-17 10:00:00,https://video.dmm.co.jp/av/content/?id=1nhdt00486,https://al.fanza.co.jp/?lurl=https%3A%2F%2Fvideo.dmm.co.jp%2Fav%2Fcontent%2F%3Fid%3D1nhdt00486&af_id=okd0405-990&ch=api,,,,潮吹き / 企画 / 指マン / 素人 / ベスト・総集編
1nhdt00485,1nhdt00485,digital,videoa,処女喪失 ～涙と感動の瞬間全記録～,2009-05-17 10:00:00,https://video.dmm.co.jp/av/content/?id=1nhdt00485,https://al.fanza.co.jp/?lurl=https%3A%2F%2Fvideo.dmm.co.jp%2Fav%2Fcontent%2F%3Fid%3D1nhdt00485&af_id=okd0405-990&ch=api,,,,ベスト・総集編 / 局部アップ / 処女 / 騎乗位 / 3P・4P
1nhdt00484,1nhdt00484,digital,videoa,過激フィストファック10人隊,2009-05-17 10:00:00,https://video.dmm.co.jp/av/content/?id=1nhdt00484,https://al.fanza.co.jp/?lurl=https%3A%2F%2Fvideo.dmm.co.jp%2Fav%2Fcontent%2F%3Fid%3D1nhdt00484&af_id=okd0405-990&ch=api,,,,アナルセックス / 浣腸 / 乱交 / フィスト / 異物挿入
1nhdt00483,1nhdt00483,digital,videoa,混浴温泉痴● 3,2009-05-17 10:00:00,https://video.dmm.co.jp/av/content/?id=1nhdt00483,https://al.fanza.co.jp/?lurl=https%3A%2F%2Fvideo.dmm.co.jp%2Fav%2Fcontent%2F%3Fid%3D1nhdt00483&af_id=okd0405-990&ch=api,,,,3P・4P / 指マン / 中出し
1nhdt00482,1nhdt00482,digital,videoa,これが噂の痙攣薬漬け 浣腸ヴァージョン,2009-05-17 10:00:00,https://video.dmm.co.jp/av/content/?id=1nhdt00482,https://al.fanza.co.jp/?lurl=https%3A%2F%2Fvideo.dmm.co.jp%2Fav%2Fcontent%2F%3Fid%3D1nhdt00482&af_id=okd0405-990&ch=api,,,,ドラッグ / デジモ / 拘束 / 浣腸 / 3P・4P
1nhdt00481,1nhdt00481,digital,videoa,100万円つかみ取り！4 真夏の江ノ島水着ギャル編,2009-05-17 10:00:00,https://video.dmm.co.jp/av/content/?id=1nhdt00481,https://al.fanza.co.jp/?lurl=https%3A%2F%2Fvideo.dmm.co.jp%2Fav%2Fcontent%2F%3Fid%3D1nhdt00481&af_id=okd0405-990&ch=api,,,,水着 / ギャル / 企画 / 巨乳 / 拘束
1nhdt00479,1nhdt00479,digital,videoa,ド素人おもいっきり電ドリバイブ,2009-05-17 10:00:00,https://video.dmm.co.jp/av/content/?id=1nhdt00479,https://al.fanza.co.jp/?lurl=https%3A%2F%2Fvideo.dmm.co.jp%2Fav%2Fcontent%2F%3Fid%3D1nhdt00479&af_id=okd0405-990&ch=api,,,,企画 / 潮吹き / バイブ / 巨乳 / 素人
1nhdt00478,1nhdt00478,digital,videoa,中出し痴●バス興業（株） 2,2009-05-17 10:00:00,https://video.dmm.co.jp/av/content/?id=1nhdt00478,https://al.fanza.co.jp/?lurl=https%3A%2F%2Fvideo.dmm.co.jp%2Fav%2Fcontent%2F%3Fid%3D1nhdt00478&af_id=okd0405-990&ch=api,,,,中出し / 潮吹き / 指マン
1nhdt00477,1nhdt00477,digital,videoa,海の家痴● 5,2009-05-17 10:00:00,https://video.dmm.co.jp/av/content/?id=1nhdt00477,https://al.fanza.co.jp/?lurl=https%3A%2F%2Fvideo.dmm.co.jp%2Fav%2Fcontent%2F%3Fid%3D1nhdt00477&af_id=okd0405-990&ch=api,,,,水着 / 潮吹き / デジモ
1lady00026,1lady00026,digital,videoa,私たちが7人の競泳水着レディです。,2009-05-17 10:00:00,https://video.dmm.co.jp/av/content/?id=1lady00026,https://al.fanza.co.jp/?lurl=https%3A%2F%2Fvideo.dmm.co.jp%2Fav%2Fcontent%2F%3Fid%3D1lady00026&af_id=okd0405-990&ch=api,,,,放尿・お漏らし / レズビアン / 騎乗位 / 乱交 / 水着
1lady00025,1lady00025,digital,videoa,爆乳レディ専門 女だらけの「痴●バス」へようこそ！！,2009-05-17 10:00:00,https://video.dmm.co.jp/av/content/?id=1lady00025,https://al.fanza.co.jp/?lurl=https%3A%2F%2Fvideo.dmm.co.jp%2Fav%2Fcontent%2F%3Fid%3D1lady00025&af_id=okd0405-990&ch=api,,,,巨乳 / 指マン / レズビアン / 痴女
1kusp00022,1kusp00022,digital,videoa,糞くらえ スカしてる美少女達の大量糞食い黄金伝説 大奮発Ver.,2009-05-17 10:00:00,https://video.dmm.co.jp/av/content/?id=1kusp00022,https://al.fanza.co.jp/?lurl=https%3A%2F%2Fvideo.dmm.co.jp%2Fav%2Fcontent%2F%3Fid%3D1kusp00022&af_id=okd0405-990&ch=api,,,,野外・露出 / 脱糞 / 食糞 / スカトロ / レズビアン
1kksp00014,1kksp00014,digital,videoa,Baby Doll［ベビードール3］ 高瀬七海,2009-05-17 10:00:00,https://video.dmm.co.jp/av/content/?id=1kksp00014,https://al.fanza.co.jp/?lurl=https%3A%2F%2Fvideo.dmm.co.jp%2Fav%2Fcontent%2F%3Fid%3D1kksp00014&af_id=okd0405-990&ch=api,,,,中出し / ランジェリー / 単体作品 / 騎乗位 / コスプレ
1jpdds00105,1jpdds00105,digital,videoa,人妻ナンパ 173,2009-05-17 10:00:00,https://video.dmm.co.jp/av/content/?id=1jpdds00105,https://al.fanza.co.jp/?lurl=https%3A%2F%2Fvideo.dmm.co.jp%2Fav%2Fcontent%2F%3Fid%3D1jpdds00105&af_id=okd0405-990&ch=api,,,,人妻・主婦 / ナンパ / 熟女
1iesp00333,1iesp00333,digital,videoa,女教師 中出し20連発 ツバキさん,2009-05-17 10:00:00,https://video.dmm.co.jp/av/content/?id=1iesp00333,https://al.fanza.co.jp/?lurl=https%3A%2F%2Fvideo.dmm.co.jp%2Fav%2Fcontent%2F%3Fid%3D1iesp00333&af_id=okd0405-990&ch=api,,,,拘束 / 単体作品 / 中出し / 女教師
1iesp00332,1iesp00332,digital,videoa,膣痙攣・悶え地獄・女子校生 陽多まり,2009-05-17 10:00:00,https://video.dmm.co.jp/av/content/?id=1iesp00332,https://al.fanza.co.jp/?lurl=https%3A%2F%2Fvideo.dmm.co.jp%2Fav%2Fcontent%2F%3Fid%3D1iesp00332&af_id=okd0405-990&ch=api,,,,3P・4P / 女子校生 / ドラッグ / 単体作品
1iesp00331,1iesp00331,digital,videoa,麻薬捜査官 ヤク漬け膣痙攣 綾瀬はるな,2009-05-17 10:00:00,https://video.dmm.co.jp/av/content/?id=1iesp00331,https://al.fanza.co.jp/?lurl=https%3A%2F%2Fvideo.dmm.co.jp%2Fav%2Fcontent%2F%3Fid%3D1iesp00331&af_id=okd0405-990&ch=api,,,,単体作品 / ドラッグ / 職業色々 / 監禁 / 中出し
1iesp00330,1iesp00330,digital,videoa,保険外交員中出しレ●プ 紅音ほたる,2009-05-17 10:00:00,https://video.dmm.co.jp/av/content/?id=1iesp00330,https://al.fanza.co.jp/?lurl=https%3A%2F%2Fvideo.dmm.co.jp%2Fav%2Fcontent%2F%3Fid%3D1iesp00330&af_id=okd0405-990&ch=api,,,,単体作品 / 中出し / 潮吹き / 職業色々
1iesp00328,1iesp00328,digital,videoa,○学校 崩壊 瀬戸ひなた,2009-05-17 10:00:00,https://video.dmm.co.jp/av/content/?id=1iesp00328,https://al.fanza.co.jp/?lurl=https%3A%2F%2Fvideo.dmm.co.jp%2Fav%2Fcontent%2F%3Fid%3D1iesp00328&af_id=okd0405-990&ch=api,,,,ミニ系 / 単体作品 / 中出し / 騎乗位 / 顔射
1iesp00327,1iesp00327,digital,videoa,社長秘書 全裸勤務 三浦亜沙妃,2009-05-17 10:00:00,https://video.dmm.co.jp/av/content/?id=1iesp00327,https://al.fanza.co.jp/?lurl=https%3A%2F%2Fvideo.dmm.co.jp%2Fav%2Fcontent%2F%3Fid%3D1iesp00327&af_id=okd0405-990&ch=api,,,,辱め / 3P・4P / 秘書 / 単体作品
1iesp00326,1iesp00326,digital,videoa,スチュワーデス 中出し20連発 涼華りょう,2009-05-17 10:00:00,https://video.dmm.co.jp/av/content/?id=1iesp00326,https://al.fanza.co.jp/?lurl=https%3A%2F%2Fvideo.dmm.co.jp%2Fav%2Fcontent%2F%3Fid%3D1iesp00326&af_id=okd0405-990&ch=api,,,,騎乗位 / 中出し / 単体作品 / スチュワーデス
1iesp00321,1iesp00321,digital,videoa,麻薬捜査官 ヤク漬け膣痙攣 星野あかり,2009-05-17 10:00:00,https://video.dmm.co.jp/av/content/?id=1iesp00321,https://al.fanza.co.jp/?lurl=https%3A%2F%2Fvideo.dmm.co.jp%2Fav%2Fcontent%2F%3Fid%3D1iesp00321&af_id=okd0405-990&ch=api,,,,ドラッグ / 中出し / 巨乳 / 職業色々 / 単体作品
1iesp00310,1iesp00310,digital,videoa,ロ●ータ 黒人ミサイル 04,2009-05-17 10:00:00,https://video.dmm.co.jp/av/content/?id=1iesp00310,https://al.fanza.co.jp/?lurl=https%3A%2F%2Fvideo.dmm.co.jp%2Fav%2Fcontent%2F%3Fid%3D1iesp00310&af_id=okd0405-990&ch=api,,,,中出し / 単体作品 / 黒人男優 / ミニ系
1iesp00309,1iesp00309,digital,videoa,ハイジ2 少女愛 ～背徳の興味～ 瀬戸ひなた,2009-05-17 10:00:00,https://video.dmm.co.jp/av/content/?id=1iesp00309,https://al.fanza.co.jp/?lurl=https%3A%2F%2Fvideo.dmm.co.jp%2Fav%2Fcontent%2F%3Fid%3D1iesp00309&af_id=okd0405-990&ch=api,,,,近親相姦 / 中出し / ミニ系 / 単体作品
1iesp00308,1iesp00308,digital,videoa,麻薬捜査官 ヤク漬け膣痙攣 妃乃ひかり,2009-05-17 10:00:00,https://video.dmm.co.jp/av/content/?id=1iesp00308,https://al.fanza.co.jp/?lurl=https%3A%2F%2Fvideo.dmm.co.jp%2Fav%2Fcontent%2F%3Fid%3D1iesp00308&af_id=okd0405-990&ch=api,,,,単体作品 / 中出し / ドラッグ / 職業色々
1iesp00305,1iesp00305,digital,videoa,爆乳女教師 中出し20連発 羽田夕夏,2009-05-17 10:00:00,https://video.dmm.co.jp/av/content/?id=1iesp00305,https://al.fanza.co.jp/?lurl=https%3A%2F%2Fvideo.dmm.co.jp%2Fav%2Fcontent%2F%3Fid%3D1iesp00305&af_id=okd0405-990&ch=api,,,,中出し / 単体作品 / 女教師 / 巨乳
1iesp00304,1iesp00304,digital,videoa,老人 ロ●ータ 落合ゆき,2009-05-17 10:00:00,https://video.dmm.co.jp/av/content/?id=1iesp00304,https://al.fanza.co.jp/?lurl=https%3A%2F%2Fvideo.dmm.co.jp%2Fav%2Fcontent%2F%3Fid%3D1iesp00304&af_id=okd0405-990&ch=api,,,,ミニ系 / 近親相姦 / 単体作品 / 中出し
1iesp00303,1iesp00303,digital,videoa,黒人 中出し20連発 椎名りく,2009-05-17 10:00:00,https://video.dmm.co.jp/av/content/?id=1iesp00303,https://al.fanza.co.jp/?lurl=https%3A%2F%2Fvideo.dmm.co.jp%2Fav%2Fcontent%2F%3Fid%3D1iesp00303&af_id=okd0405-990&ch=api,,,,辱め / 黒人男優 / 中出し / 単体作品
1iesp00302,1iesp00302,digital,videoa,女子校生 中出し20連発 あいみ,2009-05-17 10:00:00,https://video.dmm.co.jp/av/content/?id=1iesp00302,https://al.fanza.co.jp/?lurl=https%3A%2F%2Fvideo.dmm.co.jp%2Fav%2Fcontent%2F%3Fid%3D1iesp00302&af_id=okd0405-990&ch=api,,,,中出し / 3P・4P / 女子校生 / 単体作品
1iesp00301,1iesp00301,digital,videoa,女教師 中出し20連発 天宮まなみ,2009-05-17 10:00:00,https://video.dmm.co.jp/av/content/?id=1iesp00301,https://al.fanza.co.jp/?lurl=https%3A%2F%2Fvideo.dmm.co.jp%2Fav%2Fcontent%2F%3Fid%3D1iesp00301&af_id=okd0405-990&ch=api,,,,騎乗位 / 中出し / 女教師 / 単体作品
1iesp00300,1iesp00300,digital,videoa,女子アナ 中出し20連発 綾瀬はるな,2009-05-17 10:00:00,https://video.dmm.co.jp/av/content/?id=1iesp00300,https://al.fanza.co.jp/?lurl=https%3A%2F%2Fvideo.dmm.co.jp%2Fav%2Fcontent%2F%3Fid%3D1iesp00300&af_id=okd0405-990&ch=api,,,,放尿・お漏らし / 女子アナ / 中出し / 単体作品
1iesm00029,1iesm00029,digital,videoa,黒達磨 原千尋,2009-05-17 10:00:00,https://video.dmm.co.jp/av/content/?id=1iesm00029,https://al.fanza.co.jp/?lurl=https%3A%2F%2Fvideo.dmm.co.jp%2Fav%2Fcontent%2F%3Fid%3D1iesm00029&af_id=okd0405-990&ch=api,,,,中出し / 辱め / 黒人男優 / 縛り・緊縛 / 単体作品
1ieqp00008,1ieqp00008,digital,videoa,中出し100連発カタログ 遂にやりました、業界騒然の中出し1000連発大放出！,2009-05-17 10:00:00,https://video.dmm.co.jp/av/content/?id=1ieqp00008,https://al.fanza.co.jp/?lurl=https%3A%2F%2Fvideo.dmm.co.jp%2Fav%2Fcontent%2F%3Fid%3D1ieqp00008&af_id=okd0405-990&ch=api,,,,人妻・主婦 / 中出し / 巨乳 / ベスト・総集編 / 女教師
1ie00193,1ie00193,digital,videoa,原千尋スペシャル 完全永久保存版,2009-05-17 10:00:00,https://video.dmm.co.jp/av/content/?id=1ie00193,https://al.fanza.co.jp/?lurl=https%3A%2F%2Fvideo.dmm.co.jp%2Fav%2Fcontent%2F%3Fid%3D1ie00193&af_id=okd0405-990&ch=api,,,,女優ベスト・総集編 / 単体作品 / 中出し / 黒人男優
1ie00191,1ie00191,digital,videoa,デジモで蘇る VOL.2 銀行強盗事件,2009-05-17 10:00:00,https://video.dmm.co.jp/av/content/?id=1ie00191,https://al.fanza.co.jp/?lurl=https%3A%2F%2Fvideo.dmm.co.jp%2Fav%2Fcontent%2F%3Fid%3D1ie00191&af_id=okd0405-990&ch=api,,,,職業色々 / 騎乗位 / デジモ
1ie00190,1ie00190,digital,videoa,気丈な女教師が男子生徒と同僚教師に弱みを握られ犯●れる 乙羽ナナ,2009-05-17 10:00:00,https://video.dmm.co.jp/av/content/?id=1ie00190,https://al.fanza.co.jp/?lurl=https%3A%2F%2Fvideo.dmm.co.jp%2Fav%2Fcontent%2F%3Fid%3D1ie00190&af_id=okd0405-990&ch=api,,,,単体作品 / 拘束 / 騎乗位 / 女教師
1ie00189,1ie00189,digital,videoa,アイエナジー2007年度上半期作品集,2009-05-17 10:00:00,https://video.dmm.co.jp/av/content/?id=1ie00189,https://al.fanza.co.jp/?lurl=https%3A%2F%2Fvideo.dmm.co.jp%2Fav%2Fcontent%2F%3Fid%3D1ie00189&af_id=okd0405-990&ch=api,,,,中出し / 辱め / 黒人男優 / ミニ系 / ベスト・総集編
1ie00188,1ie00188,digital,videoa,椎名りくスペシャル 完全永久保存版,2009-05-17 10:00:00,https://video.dmm.co.jp/av/content/?id=1ie00188,https://al.fanza.co.jp/?lurl=https%3A%2F%2Fvideo.dmm.co.jp%2Fav%2Fcontent%2F%3Fid%3D1ie00188&af_id=okd0405-990&ch=api,,,,女優ベスト・総集編 / 単体作品 / 黒人男優 / 中出し
1ie00183,1ie00183,digital,videoa,菅野亜梨沙スペシャル 完全永久保存版,2009-05-17 10:00:00,https://video.dmm.co.jp/av/content/?id=1ie00183,https://al.fanza.co.jp/?lurl=https%3A%2F%2Fvideo.dmm.co.jp%2Fav%2Fcontent%2F%3Fid%3D1ie00183&af_id=okd0405-990&ch=api,,,,女優ベスト・総集編 / 単体作品 / 黒人男優 / 中出し / コスプレ
1idol00101,1idol00101,digital,videoa,初中出し＆ごっくん＆青姦！ 3本番 おだぎり麻央,2009-05-17 10:00:00,https://video.dmm.co.jp/av/content/?id=1idol00101,https://al.fanza.co.jp/?lurl=https%3A%2F%2Fvideo.dmm.co.jp%2Fav%2Fcontent%2F%3Fid%3D1idol00101&af_id=okd0405-990&ch=api,,,,単体作品 / 3P・4P / 野外・露出 / 中出し / ごっくん
1idol00100,1idol00100,digital,videoa,中出し解禁！ガチンコ大量潮吹きFUCK 3本番 小西涼子,2009-05-17 10:00:00,https://video.dmm.co.jp/av/content/?id=1idol00100,https://al.fanza.co.jp/?lurl=https%3A%2F%2Fvideo.dmm.co.jp%2Fav%2Fcontent%2F%3Fid%3D1idol00100&af_id=okd0405-990&ch=api,,,,潮吹き / 騎乗位 / 指マン / 中出し / 単体作品
1idol00098,1idol00098,digital,videoa,新人★おだぎり麻央 初脱ぎデビュー,2009-05-17 10:00:00,https://video.dmm.co.jp/av/content/?id=1idol00098,https://al.fanza.co.jp/?lurl=https%3A%2F%2Fvideo.dmm.co.jp%2Fav%2Fcontent%2F%3Fid%3D1idol00098&af_id=okd0405-990&ch=api,,,,デビュー作品 / 顔射 / 騎乗位 / 単体作品 / 拘束
1idol00097,1idol00097,digital,videoa,新人★小西涼子 初脱ぎデビュー,2009-05-17 10:00:00,https://video.dmm.co.jp/av/content/?id=1idol00097,https://al.fanza.co.jp/?lurl=https%3A%2F%2Fvideo.dmm.co.jp%2Fav%2Fcontent%2F%3Fid%3D1idol00097&af_id=okd0405-990&ch=api,,,,単体作品 / 3P・4P / 潮吹き / 指マン / デビュー作品 / 騎乗位
1idol00094,1idol00094,digital,videoa,ロ●ータ×潮吹きギャル,2009-05-17 10:00:00,https://video.dmm.co.jp/av/content/?id=1idol00094,https://al.fanza.co.jp/?lurl=https%3A%2F%2Fvideo.dmm.co.jp%2Fav%2Fcontent%2F%3Fid%3D1idol00094&af_id=okd0405-990&ch=api,,,,ミニ系 / ギャル / 潮吹き / 中出し / 騎乗位
1idol00093,1idol00093,digital,videoa,新人★きらり 初脱ぎデビュー,2009-05-17 10:00:00,https://video.dmm.co.jp/av/content/?id=1idol00093,https://al.fanza.co.jp/?lurl=https%3A%2F%2Fvideo.dmm.co.jp%2Fav%2Fcontent%2F%3Fid%3D1idol00093&af_id=okd0405-990&ch=api,,,,単体作品 / 美少女 / 騎乗位 / デビュー作品
1iats00002,1iats00002,digital,videoa,これが噂の痙攣薬漬け水着モデル 総集編2,2009-05-17 10:00:00,https://video.dmm.co.jp/av/content/?id=1iats00002,https://al.fanza.co.jp/?lurl=https%3A%2F%2Fvideo.dmm.co.jp%2Fav%2Fcontent%2F%3Fid%3D1iats00002&af_id=okd0405-990&ch=api,,,,ベスト・総集編 / 潮吹き / ドラッグ / 拘束 / 水着
1iat00064,1iat00064,digital,videoa,これが噂の痙攣薬漬け 単体ヴァージョン4 佐藤江梨花,2009-05-17 10:00:00,https://video.dmm.co.jp/av/content/?id=1iat00064,https://al.fanza.co.jp/?lurl=https%3A%2F%2Fvideo.dmm.co.jp%2Fav%2Fcontent%2F%3Fid%3D1iat00064&af_id=okd0405-990&ch=api,,,,コスプレ / 拘束 / ドラッグ / デジモ / 単体作品
1hunt00027,1hunt00027,digital,videoa,ショップ店員試着室逆ナン（＾o＾）/,2009-05-17 10:00:00,https://video.dmm.co.jp/av/content/?id=1hunt00027,https://al.fanza.co.jp/?lurl=https%3A%2F%2Fvideo.dmm.co.jp%2Fav%2Fcontent%2F%3Fid%3D1hunt00027&af_id=okd0405-990&ch=api,,,,独占配信 / 職業色々 / 騎乗位 / パイズリ / クンニ / 逆ナン
1hunt00025,1hunt00025,digital,videoa,パチンコ屋逆ナン2（＾o＾）,2009-05-17 10:00:00,https://video.dmm.co.jp/av/content/?id=1hunt00025,https://al.fanza.co.jp/?lurl=https%3A%2F%2Fvideo.dmm.co.jp%2Fav%2Fcontent%2F%3Fid%3D1hunt00025&af_id=okd0405-990&ch=api,,,,独占配信 / 指マン / クンニ / 騎乗位 / パイズリ / 逆ナン
1hunt00022,1hunt00022,digital,videoa,本当に見たかった HOW ♂O ヨガ 2,2009-05-17 10:00:00,https://video.dmm.co.jp/av/content/?id=1hunt00022,https://al.fanza.co.jp/?lurl=https%3A%2F%2Fvideo.dmm.co.jp%2Fav%2Fcontent%2F%3Fid%3D1hunt00022&af_id=okd0405-990&ch=api,,,,独占配信 / 企画 / デジモ
1hunt00011,1hunt00011,digital,videoa,元女子プロレスラー東城えみ総集編 240分BEST,2009-05-17 10:00:00,https://video.dmm.co.jp/av/content/?id=1hunt00011,https://al.fanza.co.jp/?lurl=https%3A%2F%2Fvideo.dmm.co.jp%2Fav%2Fcontent%2F%3Fid%3D1hunt00011&af_id=okd0405-990&ch=api,,,,独占配信 / 野外・露出 / ぶっかけ / 熟女 / 企画 / 単体作品 / 女優ベスト・総集編
1hd00036,1hd00036,digital,videoa,「妹と妹のトモダチがオレん家でお泊り会」,2009-05-17 10:00:00,https://video.dmm.co.jp/av/content/?id=1hd00036,https://al.fanza.co.jp/?lurl=https%3A%2F%2Fvideo.dmm.co.jp%2Fav%2Fcontent%2F%3Fid%3D1hd00036&af_id=okd0405-990&ch=api,,,,レズビアン / 女子校生 / デジモ / 姉・妹 / 3P・4P
1hd00031,1hd00031,digital,videoa,eighteen18歳限定。 お姉さまに弄ばれた少女 初撮り 南芽衣奈18歳,2009-05-17 10:00:00,https://video.dmm.co.jp/av/content/?id=1hd00031,https://al.fanza.co.jp/?lurl=https%3A%2F%2Fvideo.dmm.co.jp%2Fav%2Fcontent%2F%3Fid%3D1hd00031&af_id=okd0405-990&ch=api,,,,単体作品 / ミニ系 / お姉さん / デジモ / クンニ / レズビアン
1hd00029,1hd00029,digital,videoa,eighteen18歳限定。 ロ●ータの好奇心 初撮り 愛里ひな18歳,2009-05-17 10:00:00,https://video.dmm.co.jp/av/content/?id=1hd00029,https://al.fanza.co.jp/?lurl=https%3A%2F%2Fvideo.dmm.co.jp%2Fav%2Fcontent%2F%3Fid%3D1hd00029&af_id=okd0405-990&ch=api,,,,潮吹き / 単体作品 / ミニ系 / アナル / デジモ
1hbad00053,1hbad00053,digital,videoa,女特別捜査官 陵●マシンバイブ 北島玲,2009-05-17 10:00:00,https://video.dmm.co.jp/av/content/?id=1hbad00053,https://al.fanza.co.jp/?lurl=https%3A%2F%2Fvideo.dmm.co.jp%2Fav%2Fcontent%2F%3Fid%3D1hbad00053&af_id=okd0405-990&ch=api,,,,辱め / バイブ / 単体作品 / 職業色々 / デジモ
1havd00357,1havd00357,digital,videoa,美少女ロマン 変態実父に犯●れて 小峰ミサ,2009-05-17 10:00:00,https://video.dmm.co.jp/av/content/?id=1havd00357,https://al.fanza.co.jp/?lurl=https%3A%2F%2Fvideo.dmm.co.jp%2Fav%2Fcontent%2F%3Fid%3D1havd00357&af_id=okd0405-990&ch=api,,,,デジモ / 騎乗位 / 単体作品 / 美少女
1havd00355,1havd00355,digital,videoa,背徳未亡人 喪服陵●集,2009-05-17 10:00:00,https://video.dmm.co.jp/av/content/?id=1havd00355,https://al.fanza.co.jp/?lurl=https%3A%2F%2Fvideo.dmm.co.jp%2Fav%2Fcontent%2F%3Fid%3D1havd00355&af_id=okd0405-990&ch=api,,,,未亡人 / デジモ / ベスト・総集編 / 和服・浴衣 / 辱め
1havd00354,1havd00354,digital,videoa,精液膣内発射 白濁液中出し25発 清原りょう,2009-05-17 10:00:00,https://video.dmm.co.jp/av/content/?id=1havd00354,https://al.fanza.co.jp/?lurl=https%3A%2F%2Fvideo.dmm.co.jp%2Fav%2Fcontent%2F%3Fid%3D1havd00354&af_id=okd0405-990&ch=api,,,,デジモ / 中出し / 単体作品 / 辱め / 3P・4P
1havd00353,1havd00353,digital,videoa,不倫OL 危険なオフィスラブ 二岡ゆり,2009-05-17 10:00:00,https://video.dmm.co.jp/av/content/?id=1havd00353,https://al.fanza.co.jp/?lurl=https%3A%2F%2Fvideo.dmm.co.jp%2Fav%2Fcontent%2F%3Fid%3D1havd00353&af_id=okd0405-990&ch=api,,,,単体作品 / 不倫 / OL / デジモ / 騎乗位 / シックスナイン
1havd00340,1havd00340,digital,videoa,昭和エロス 愛玩美少女監禁 河愛杏里,2009-05-17 10:00:00,https://video.dmm.co.jp/av/content/?id=1havd00340,https://al.fanza.co.jp/?lurl=https%3A%2F%2Fvideo.dmm.co.jp%2Fav%2Fcontent%2F%3Fid%3D1havd00340&af_id=okd0405-990&ch=api,,,,ミニ系 / 中出し / デジモ / 美少女 / 監禁 / 単体作品
1havd00339,1havd00339,digital,videoa,女学生エロス 不良少女と中年教師,2009-05-17 10:00:00,https://video.dmm.co.jp/av/content/?id=1havd00339,https://al.fanza.co.jp/?lurl=https%3A%2F%2Fvideo.dmm.co.jp%2Fav%2Fcontent%2F%3Fid%3D1havd00339&af_id=okd0405-990&ch=api,,,,単体作品 / デジモ / 騎乗位 / 学園もの
1havd00338,1havd00338,digital,videoa,Sweet Memories 蛯原朱里,2009-05-17 10:00:00,https://video.dmm.co.jp/av/content/?id=1havd00338,https://al.fanza.co.jp/?lurl=https%3A%2F%2Fvideo.dmm.co.jp%2Fav%2Fcontent%2F%3Fid%3D1havd00338&af_id=okd0405-990&ch=api,,,,3P・4P / レズビアン / 中出し / 騎乗位 / デジモ
1havd00336,1havd00336,digital,videoa,潮吹き温泉ほたる旅館 紅音ほたる,2009-05-17 10:00:00,https://video.dmm.co.jp/av/content/?id=1havd00336,https://al.fanza.co.jp/?lurl=https%3A%2F%2Fvideo.dmm.co.jp%2Fav%2Fcontent%2F%3Fid%3D1havd00336&af_id=okd0405-990&ch=api,,,,指マン / 和服・浴衣 / デジモ / 潮吹き / 単体作品
1havd00334,1havd00334,digital,videoa,完全保存版 ヒロピン4時間 最後の性戦,2009-05-17 10:00:00,https://video.dmm.co.jp/av/content/?id=1havd00334,https://al.fanza.co.jp/?lurl=https%3A%2F%2Fvideo.dmm.co.jp%2Fav%2Fcontent%2F%3Fid%3D1havd00334&af_id=okd0405-990&ch=api,,,,特撮 / ベスト・総集編 / 辱め / アクション・格闘 / デジモ
1havd00333,1havd00333,digital,videoa,中出しアナルハンター ～極悪3穴レ●プ～,2009-05-17 10:00:00,https://video.dmm.co.jp/av/content/?id=1havd00333,https://al.fanza.co.jp/?lurl=https%3A%2F%2Fvideo.dmm.co.jp%2Fav%2Fcontent%2F%3Fid%3D1havd00333&af_id=okd0405-990&ch=api,,,,デジモ / 縛り・緊縛 / アナル / 中出し
1havd00331,1havd00331,digital,videoa,憧れの巨乳美容師 辱められた午後 葉月奈穂,2009-05-17 10:00:00,https://video.dmm.co.jp/av/content/?id=1havd00331,https://al.fanza.co.jp/?lurl=https%3A%2F%2Fvideo.dmm.co.jp%2Fav%2Fcontent%2F%3Fid%3D1havd00331&af_id=okd0405-990&ch=api,,,,巨乳 / 3P・4P / デジモ / 職業色々 / 単体作品
1gar00017,1gar00017,digital,videoa,渋谷BLACK VS 新宿BLACK 最強2大ギャルサークルがプライドをかけて全面対決！！,2009-05-17 10:00:00,https://video.dmm.co.jp/av/content/?id=1gar00017,https://al.fanza.co.jp/?lurl=https%3A%2F%2Fvideo.dmm.co.jp%2Fav%2Fcontent%2F%3Fid%3D1gar00017&af_id=okd0405-990&ch=api,,,,企画 / 3P・4P / 指マン / ギャル
1gar00014,1gar00014,digital,videoa,渋谷ギャルサー主催！ギャル温泉バスツアー！,2009-05-17 10:00:00,https://video.dmm.co.jp/av/content/?id=1gar00014,https://al.fanza.co.jp/?lurl=https%3A%2F%2Fvideo.dmm.co.jp%2Fav%2Fcontent%2F%3Fid%3D1gar00014&af_id=okd0405-990&ch=api,,,,和服・浴衣 / 乱交 / 騎乗位 / 企画 / ギャル
1gar00008,1gar00008,digital,videoa,そのまんま過激に街頭ゲリラ！！,2009-05-17 10:00:00,https://video.dmm.co.jp/av/content/?id=1gar00008,https://al.fanza.co.jp/?lurl=https%3A%2F%2Fvideo.dmm.co.jp%2Fav%2Fcontent%2F%3Fid%3D1gar00008&af_id=okd0405-990&ch=api,,,,素人 / 水着 / 指マン / 騎乗位 / ギャル
1gar00007,1gar00007,digital,videoa,素人ギャルズ童貞狩り,2009-05-17 10:00:00,https://video.dmm.co.jp/av/content/?id=1gar00007,https://al.fanza.co.jp/?lurl=https%3A%2F%2Fvideo.dmm.co.jp%2Fav%2Fcontent%2F%3Fid%3D1gar00007&af_id=okd0405-990&ch=api,,,,シックスナイン / 騎乗位 / 素人 / ギャル
1gar00006,1gar00006,digital,videoa,ギャル女子校生が集まるトイレを生盗撮,2009-05-17 10:00:00,https://video.dmm.co.jp/av/content/?id=1gar00006,https://al.fanza.co.jp/?lurl=https%3A%2F%2Fvideo.dmm.co.jp%2Fav%2Fcontent%2F%3Fid%3D1gar00006&af_id=okd0405-990&ch=api,,,,3P・4P / 女子校生 / 盗撮・のぞき / 騎乗位 / ギャル
1gar00005,1gar00005,digital,videoa,素人レゲエギャルダンサーナンパ…あなたもプロデビューしませんか？,2009-05-17 10:00:00,https://video.dmm.co.jp/av/content/?id=1gar00005,https://al.fanza.co.jp/?lurl=https%3A%2F%2Fvideo.dmm.co.jp%2Fav%2Fcontent%2F%3Fid%3D1gar00005&af_id=okd0405-990&ch=api,,,,ギャル / 素人 / 騎乗位 / ナンパ
1futd00048,1futd00048,digital,videoa,あやまち 義母のぬくもり 宮崎彩香,2009-05-17 10:00:00,https://video.dmm.co.jp/av/content/?id=1futd00048,https://al.fanza.co.jp/?lurl=https%3A%2F%2Fvideo.dmm.co.jp%2Fav%2Fcontent%2F%3Fid%3D1futd00048&af_id=okd0405-990&ch=api,,,,単体作品 / デジモ / 騎乗位 / 指マン / 義母 / 熟女
1futd00047,1futd00047,digital,videoa,人妻官能劇場 犯られて感じる美人妻 ～夫の目の前で～ 早乙女香織,2009-05-17 10:00:00,https://video.dmm.co.jp/av/content/?id=1futd00047,https://al.fanza.co.jp/?lurl=https%3A%2F%2Fvideo.dmm.co.jp%2Fav%2Fcontent%2F%3Fid%3D1futd00047&af_id=okd0405-990&ch=api,,,,シックスナイン / デジモ / 人妻・主婦 / 単体作品
1futd00044,1futd00044,digital,videoa,人妻官能劇場 借金肉地獄 柏原ふみえ,2009-05-17 10:00:00,https://video.dmm.co.jp/av/content/?id=1futd00044,https://al.fanza.co.jp/?lurl=https%3A%2F%2Fvideo.dmm.co.jp%2Fav%2Fcontent%2F%3Fid%3D1futd00044&af_id=okd0405-990&ch=api,,,,単体作品 / 騎乗位 / 熟女 / デジモ / 人妻・主婦
1futd00043,1futd00043,digital,videoa,有閑婦人 歪んだ陵●愛 南原香織,2009-05-17 10:00:00,https://video.dmm.co.jp/av/content/?id=1futd00043,https://al.fanza.co.jp/?lurl=https%3A%2F%2Fvideo.dmm.co.jp%2Fav%2Fcontent%2F%3Fid%3D1futd00043&af_id=okd0405-990&ch=api,,,,単体作品 / 人妻・主婦 / 騎乗位 / 辱め / デジモ / 指マン
1fset00085,1fset00085,digital,videoa,素人ガチナンパ 黒人のチ●ポ見てみませんか？,2009-05-17 10:00:00,https://video.dmm.co.jp/av/content/?id=1fset00085,https://al.fanza.co.jp/?lurl=https%3A%2F%2Fvideo.dmm.co.jp%2Fav%2Fcontent%2F%3Fid%3D1fset00085&af_id=okd0405-990&ch=api,,,,ナンパ / 素人 / 黒人男優 / 企画 / デジモ
1fset00084,1fset00084,digital,videoa,菅野麻弥 19歳 学生,2009-05-17 10:00:00,https://video.dmm.co.jp/av/content/?id=1fset00084,https://al.fanza.co.jp/?lurl=https%3A%2F%2Fvideo.dmm.co.jp%2Fav%2Fcontent%2F%3Fid%3D1fset00084&af_id=okd0405-990&ch=api,,,,拘束 / デジモ / 単体作品 / シックスナイン / 騎乗位
1fset00083,1fset00083,digital,videoa,美少女ラブ 野中あんり,2009-05-17 10:00:00,https://video.dmm.co.jp/av/content/?id=1fset00083,https://al.fanza.co.jp/?lurl=https%3A%2F%2Fvideo.dmm.co.jp%2Fav%2Fcontent%2F%3Fid%3D1fset00083&af_id=okd0405-990&ch=api,,,,デジモ / 単体作品 / 騎乗位 / 顔射 / 美少女
1fset00081,1fset00081,digital,videoa,脳天直撃 極イカセ ひなの,2009-05-17 10:00:00,https://video.dmm.co.jp/av/content/?id=1fset00081,https://al.fanza.co.jp/?lurl=https%3A%2F%2Fvideo.dmm.co.jp%2Fav%2Fcontent%2F%3Fid%3D1fset00081&af_id=okd0405-990&ch=api,,,,拘束 / 潮吹き / 単体作品 / デジモ / 騎乗位
1fset00075,1fset00075,digital,videoa,神咲アンナとバーチャルデート,2009-05-17 10:00:00,https://video.dmm.co.jp/av/content/?id=1fset00075,https://al.fanza.co.jp/?lurl=https%3A%2F%2Fvideo.dmm.co.jp%2Fav%2Fcontent%2F%3Fid%3D1fset00075&af_id=okd0405-990&ch=api,,,,指マン / シックスナイン / 騎乗位 / デジモ / 単体作品
1fset00074,1fset00074,digital,videoa,入院したら男は僕一人ぼっちだった…。 2,2009-05-17 10:00:00,https://video.dmm.co.jp/av/content/?id=1fset00074,https://al.fanza.co.jp/?lurl=https%3A%2F%2Fvideo.dmm.co.jp%2Fav%2Fcontent%2F%3Fid%3D1fset00074&af_id=okd0405-990&ch=api,,,,デジモ / 看護婦・ナース / 騎乗位 / クンニ / 女医
1fset00073,1fset00073,digital,videoa,快楽レズエステ 5,2009-05-17 10:00:00,https://video.dmm.co.jp/av/content/?id=1fset00073,https://al.fanza.co.jp/?lurl=https%3A%2F%2Fvideo.dmm.co.jp%2Fav%2Fcontent%2F%3Fid%3D1fset00073&af_id=okd0405-990&ch=api,,,,エステ / 3P・4P / クンニ / デジモ / 職業色々 / レズビアン
1fset00072,1fset00072,digital,videoa,接吻手コキバス,2009-05-17 10:00:00,https://video.dmm.co.jp/av/content/?id=1fset00072,https://al.fanza.co.jp/?lurl=https%3A%2F%2Fvideo.dmm.co.jp%2Fav%2Fcontent%2F%3Fid%3D1fset00072&af_id=okd0405-990&ch=api,,,,キス・接吻 / 痴女 / 手コキ / デジモ / 女子校生 / カーセックス
1fset00071,1fset00071,digital,videoa,従順な少女の失禁とヨダレ 永瀬あき,2009-05-17 10:00:00,https://video.dmm.co.jp/av/content/?id=1fset00071,https://al.fanza.co.jp/?lurl=https%3A%2F%2Fvideo.dmm.co.jp%2Fav%2Fcontent%2F%3Fid%3D1fset00071&af_id=okd0405-990&ch=api,,,,単体作品 / デジモ / 監禁 / ミニ系 / 拘束
1dvdps00955,1dvdps00955,digital,videoa,性の悩みを抱えた素人女性が訪れる産婦人科のいやらしい治療の全貌,2009-05-17 10:00:00,https://video.dmm.co.jp/av/content/?id=1dvdps00955,https://al.fanza.co.jp/?lurl=https%3A%2F%2Fvideo.dmm.co.jp%2Fav%2Fcontent%2F%3Fid%3D1dvdps00955&af_id=okd0405-990&ch=api,,,,素人 / バイブ / ローター
1dvdps00954,1dvdps00954,digital,videoa,超敏感！ほしがり女をイカセ寸止め！！ パブロフの雌犬,2009-05-17 10:00:00,https://video.dmm.co.jp/av/content/?id=1dvdps00954,https://al.fanza.co.jp/?lurl=https%3A%2F%2Fvideo.dmm.co.jp%2Fav%2Fcontent%2F%3Fid%3D1dvdps00954&af_id=okd0405-990&ch=api,,,,拷問 / デジモ / 3P・4P / 騎乗位 / 拘束
1dvdps00953,1dvdps00953,digital,videoa,元沖縄ア○ターズスクールでGカップレゲエダンサーREI 第2弾 中出しアナルFUCKER,2009-05-17 10:00:00,https://video.dmm.co.jp/av/content/?id=1dvdps00953,https://al.fanza.co.jp/?lurl=https%3A%2F%2Fvideo.dmm.co.jp%2Fav%2Fcontent%2F%3Fid%3D1dvdps00953&af_id=okd0405-990&ch=api,,,,アナル / 単体作品 / 中出し / 騎乗位 / デジモ
1dvdps00952,1dvdps00952,digital,videoa,現役K○大生なつみ 第2弾！ 潮吹き絶叫SEX講習,2009-05-17 10:00:00,https://video.dmm.co.jp/av/content/?id=1dvdps00952,https://al.fanza.co.jp/?lurl=https%3A%2F%2Fvideo.dmm.co.jp%2Fav%2Fcontent%2F%3Fid%3D1dvdps00952&af_id=okd0405-990&ch=api,,,,指マン / 騎乗位 / 潮吹き / 3P・4P / デジモ / 単体作品
1dvdps00950,1dvdps00950,digital,videoa,マジックミラー号 2007王道 in 湘南,2009-05-17 10:00:00,https://video.dmm.co.jp/av/content/?id=1dvdps00950,https://al.fanza.co.jp/?lurl=https%3A%2F%2Fvideo.dmm.co.jp%2Fav%2Fcontent%2F%3Fid%3D1dvdps00950&af_id=okd0405-990&ch=api,,,,企画 / 素人 / 水着 / デジモ / ナンパ
1dvdps00948,1dvdps00948,digital,videoa,AYA驚愕の腰づかい4時間総集編,2009-05-17 10:00:00,https://video.dmm.co.jp/av/content/?id=1dvdps00948,https://al.fanza.co.jp/?lurl=https%3A%2F%2Fvideo.dmm.co.jp%2Fav%2Fcontent%2F%3Fid%3D1dvdps00948&af_id=okd0405-990&ch=api,,,,指マン / 騎乗位 / シックスナイン / 単体作品 / 女優ベスト・総集編 / デジモ
1dvdps00947,1dvdps00947,digital,videoa,日焼けサロンで焼いている汗だく素人ギャルを中出しレ●プ,2009-05-17 10:00:00,https://video.dmm.co.jp/av/content/?id=1dvdps00947,https://al.fanza.co.jp/?lurl=https%3A%2F%2Fvideo.dmm.co.jp%2Fav%2Fcontent%2F%3Fid%3D1dvdps00947&af_id=okd0405-990&ch=api,,,,素人 / 中出し / ギャル / 3P・4P
1dvdps00946,1dvdps00946,digital,videoa,本物○校教師さおり先生 第3弾 夏休み特別補講の合間に汗も潮も吹きまくり！,2009-05-17 10:00:00,https://video.dmm.co.jp/av/content/?id=1dvdps00946,https://al.fanza.co.jp/?lurl=https%3A%2F%2Fvideo.dmm.co.jp%2Fav%2Fcontent%2F%3Fid%3D1dvdps00946&af_id=okd0405-990&ch=api,,,,女教師 / 3P・4P / 騎乗位 / 潮吹き / デジモ
1dvdps00945,1dvdps00945,digital,videoa,Sexporting 02 イン○ーハイ第3位バドミントン選手 竹本沙耶香,2009-05-17 10:00:00,https://video.dmm.co.jp/av/content/?id=1dvdps00945,https://al.fanza.co.jp/?lurl=https%3A%2F%2Fvideo.dmm.co.jp%2Fav%2Fcontent%2F%3Fid%3D1dvdps00945&af_id=okd0405-990&ch=api,,,,騎乗位 / 指マン / 潮吹き / デジモ / 単体作品
1dvdps00943,1dvdps00943,digital,videoa,175cm8.5頭身 元ファッションモデル松嶋侑里第4弾 超高層ボディ×超陵●FUCK,2009-05-17 10:00:00,https://video.dmm.co.jp/av/content/?id=1dvdps00943,https://al.fanza.co.jp/?lurl=https%3A%2F%2Fvideo.dmm.co.jp%2Fav%2Fcontent%2F%3Fid%3D1dvdps00943&af_id=okd0405-990&ch=api,,,,3P・4P / 長身 / 辱め / 拘束 / 単体作品
1dvdps00942,1dvdps00942,digital,videoa,現役本物ナース北沢亜美の出張ザーメン検診,2009-05-17 10:00:00,https://video.dmm.co.jp/av/content/?id=1dvdps00942,https://al.fanza.co.jp/?lurl=https%3A%2F%2Fvideo.dmm.co.jp%2Fav%2Fcontent%2F%3Fid%3D1dvdps00942&af_id=okd0405-990&ch=api,,,,単体作品 / 3P・4P / デジモ / 看護婦・ナース / ぶっかけ
1dvdps00941,1dvdps00941,digital,videoa,パイパン美少女MO◆CAの接吻中出し授業 MOCA,2009-05-17 10:00:00,https://video.dmm.co.jp/av/content/?id=1dvdps00941,https://al.fanza.co.jp/?lurl=https%3A%2F%2Fvideo.dmm.co.jp%2Fav%2Fcontent%2F%3Fid%3D1dvdps00941&af_id=okd0405-990&ch=api,,,,学園もの / 美少女 / 単体作品 / 中出し / パイパン
1dvdps00940,1dvdps00940,digital,videoa,YOKO衝撃の腰づかい4時間総集編,2009-05-17 10:00:00,https://video.dmm.co.jp/av/content/?id=1dvdps00940,https://al.fanza.co.jp/?lurl=https%3A%2F%2Fvideo.dmm.co.jp%2Fav%2Fcontent%2F%3Fid%3D1dvdps00940&af_id=okd0405-990&ch=api,,,,騎乗位 / 野外・露出 / 指マン / 単体作品 / 女優ベスト・総集編 / デジモ
1dvdps00939,1dvdps00939,digital,videoa,風俗店長のやらしい面接9,2009-05-17 10:00:00,https://video.dmm.co.jp/av/content/?id=1dvdps00939,https://al.fanza.co.jp/?lurl=https%3A%2F%2Fvideo.dmm.co.jp%2Fav%2Fcontent%2F%3Fid%3D1dvdps00939&af_id=okd0405-990&ch=api,,,,中出し / 素人 / 指マン / 騎乗位 / 拘束
1dvdps00938,1dvdps00938,digital,videoa,黒沢英里奈 美女中出し調教露出,2009-05-17 10:00:00,https://video.dmm.co.jp/av/content/?id=1dvdps00938,https://al.fanza.co.jp/?lurl=https%3A%2F%2Fvideo.dmm.co.jp%2Fav%2Fcontent%2F%3Fid%3D1dvdps00938&af_id=okd0405-990&ch=api,,,,デジモ / 中出し / 野外・露出 / 単体作品
1dvdps00937,1dvdps00937,digital,videoa,元沖縄ア○ターズスクールでGカップレゲエダンサーREI 高速腰フリ潮吹きまくり！,2009-05-17 10:00:00,https://video.dmm.co.jp/av/content/?id=1dvdps00937,https://al.fanza.co.jp/?lurl=https%3A%2F%2Fvideo.dmm.co.jp%2Fav%2Fcontent%2F%3Fid%3D1dvdps00937&af_id=okd0405-990&ch=api,,,,単体作品 / 指マン / 潮吹き / 巨乳 / デジモ
1dvdps00934,1dvdps00934,digital,videoa,現役K○大生なつみ 衝撃のAVデビューでSEX調教されまくり！！,2009-05-17 10:00:00,https://video.dmm.co.jp/av/content/?id=1dvdps00934,https://al.fanza.co.jp/?lurl=https%3A%2F%2Fvideo.dmm.co.jp%2Fav%2Fcontent%2F%3Fid%3D1dvdps00934&af_id=okd0405-990&ch=api,,,,デビュー作品 / 指マン / 顔射 / クンニ / 拘束 / 単体作品
1dvdps00933,1dvdps00933,digital,videoa,三浦亜沙妃 イカセ潮吹き50連発,2009-05-17 10:00:00,https://video.dmm.co.jp/av/content/?id=1dvdps00933,https://al.fanza.co.jp/?lurl=https%3A%2F%2Fvideo.dmm.co.jp%2Fav%2Fcontent%2F%3Fid%3D1dvdps00933&af_id=okd0405-990&ch=api,,,,デジモ / 潮吹き / 3P・4P / 指マン / 単体作品
1dvdps00919,1dvdps00919,digital,videoa,ディープス2006下半期作品集,2009-05-17 10:00:00,https://video.dmm.co.jp/av/content/?id=1dvdps00919,https://al.fanza.co.jp/?lurl=https%3A%2F%2Fvideo.dmm.co.jp%2Fav%2Fcontent%2F%3Fid%3D1dvdps00919&af_id=okd0405-990&ch=api,,,,痴女 / デジモ / ベスト・総集編 / ダンス / 企画
1dvdps00918,1dvdps00918,digital,videoa,京野明日香 イカセ潮吹き50連発,2009-05-17 10:00:00,https://video.dmm.co.jp/av/content/?id=1dvdps00918,https://al.fanza.co.jp/?lurl=https%3A%2F%2Fvideo.dmm.co.jp%2Fav%2Fcontent%2F%3Fid%3D1dvdps00918&af_id=okd0405-990&ch=api,,,,潮吹き / 騎乗位 / 単体作品 / デジモ / 3P・4P
1dvdps00915,1dvdps00915,digital,videoa,北沢亜美の舐め愛クリニック,2009-05-17 10:00:00,https://video.dmm.co.jp/av/content/?id=1dvdps00915,https://al.fanza.co.jp/?lurl=https%3A%2F%2Fvideo.dmm.co.jp%2Fav%2Fcontent%2F%3Fid%3D1dvdps00915&af_id=okd0405-990&ch=api,,,,看護婦・ナース / 騎乗位 / レズビアン / デジモ / めがね / 単体作品
1dvdps00914,1dvdps00914,digital,videoa,175cm！8頭身！元ファッションモデル松嶋侑里第2弾！ スペシャルボディー拘束×超高層無制限アクメ,2009-05-17 10:00:00,https://video.dmm.co.jp/av/content/?id=1dvdps00914,https://al.fanza.co.jp/?lurl=https%3A%2F%2Fvideo.dmm.co.jp%2Fav%2Fcontent%2F%3Fid%3D1dvdps00914&af_id=okd0405-990&ch=api,,,,潮吹き / デジモ / 拘束 / 単体作品 / 長身
1dvdps00913,1dvdps00913,digital,videoa,パイパン美少女 超高級ヤラれソープ MOCA,2009-05-17 10:00:00,https://video.dmm.co.jp/av/content/?id=1dvdps00913,https://al.fanza.co.jp/?lurl=https%3A%2F%2Fvideo.dmm.co.jp%2Fav%2Fcontent%2F%3Fid%3D1dvdps00913&af_id=okd0405-990&ch=api,,,,単体作品 / 美少女 / デジモ / パイパン / キャバ嬢・風俗嬢 / 拘束
1dvdps00912,1dvdps00912,digital,videoa,潮吹きデート 巨乳目線 高城梨沙,2009-05-17 10:00:00,https://video.dmm.co.jp/av/content/?id=1dvdps00912,https://al.fanza.co.jp/?lurl=https%3A%2F%2Fvideo.dmm.co.jp%2Fav%2Fcontent%2F%3Fid%3D1dvdps00912&af_id=okd0405-990&ch=api,,,,野外・露出 / デジモ / 単体作品 / 巨乳 / 潮吹き
1dvdps00911,1dvdps00911,digital,videoa,セブ島にバカンスに来ている素人ギャル！ビーチでプールで青姦中出しレ●プ！,2009-05-17 10:00:00,https://video.dmm.co.jp/av/content/?id=1dvdps00911,https://al.fanza.co.jp/?lurl=https%3A%2F%2Fvideo.dmm.co.jp%2Fav%2Fcontent%2F%3Fid%3D1dvdps00911&af_id=okd0405-990&ch=api,,,,中出し / 野外・露出 / 騎乗位 / 素人
1dvdps00909,1dvdps00909,digital,videoa,現役本物社長秘書 緊縛陶酔SEX 桐島千沙30才,2009-05-17 10:00:00,https://video.dmm.co.jp/av/content/?id=1dvdps00909,https://al.fanza.co.jp/?lurl=https%3A%2F%2Fvideo.dmm.co.jp%2Fav%2Fcontent%2F%3Fid%3D1dvdps00909&af_id=okd0405-990&ch=api,,,,単体作品 / 熟女 / 縛り・緊縛 / 騎乗位 / SM / デジモ
1dvdps00908,1dvdps00908,digital,videoa,潮吹き 美乳 トランス 浜崎りお,2009-05-17 10:00:00,https://video.dmm.co.jp/av/content/?id=1dvdps00908,https://al.fanza.co.jp/?lurl=https%3A%2F%2Fvideo.dmm.co.jp%2Fav%2Fcontent%2F%3Fid%3D1dvdps00908&af_id=okd0405-990&ch=api,,,,単体作品 / 3P・4P / 美乳 / デジモ / 指マン / 潮吹き
1dvdps00907,1dvdps00907,digital,videoa,夏だ！レゲエだ！ダンサー100人！！地響きが起こる腰づかいでフリまくり痴女りまくりチ○ポヌキ祭り！！,2009-05-17 10:00:00,https://video.dmm.co.jp/av/content/?id=1dvdps00907,https://al.fanza.co.jp/?lurl=https%3A%2F%2Fvideo.dmm.co.jp%2Fav%2Fcontent%2F%3Fid%3D1dvdps00907&af_id=okd0405-990&ch=api,,,,パイズリ / 騎乗位 / 企画 / ダンス / デジモ
1dandy00057,1dandy00057,digital,videoa,「メンズエステでワザと勃起させたらヤられた」 VOL.3,2009-05-17 10:00:00,https://video.dmm.co.jp/av/content/?id=1dandy00057,https://al.fanza.co.jp/?lurl=https%3A%2F%2Fvideo.dmm.co.jp%2Fav%2Fcontent%2F%3Fid%3D1dandy00057&af_id=okd0405-990&ch=api,,,,エステ / 職業色々 / パイズリ / デジモ / 騎乗位
1dandy00056,1dandy00056,digital,videoa,「間違えたフリして女子校通学バスに乗り込んでヤられた」 VOL.3,2009-05-17 10:00:00,https://video.dmm.co.jp/av/content/?id=1dandy00056,https://al.fanza.co.jp/?lurl=https%3A%2F%2Fvideo.dmm.co.jp%2Fav%2Fcontent%2F%3Fid%3D1dandy00056&af_id=okd0405-990&ch=api,,,,デジモ / 女子校生 / 制服
1dandy00055,1dandy00055,digital,videoa,「親子水着オーディションを開いて親の目の前で○学生の娘をヤる」 VOL.2,2009-05-17 10:00:00,https://video.dmm.co.jp/av/content/?id=1dandy00055,https://al.fanza.co.jp/?lurl=https%3A%2F%2Fvideo.dmm.co.jp%2Fav%2Fcontent%2F%3Fid%3D1dandy00055&af_id=okd0405-990&ch=api,,,,顔射 / 水着 / デジモ / 騎乗位
1dandy00054,1dandy00054,digital,videoa,「ワザと看護師にせんずりを見せつけたらヤられるか？」 VOL.1,2009-05-17 10:00:00,https://video.dmm.co.jp/av/content/?id=1dandy00054,https://al.fanza.co.jp/?lurl=https%3A%2F%2Fvideo.dmm.co.jp%2Fav%2Fcontent%2F%3Fid%3D1dandy00054&af_id=okd0405-990&ch=api,,,,シックスナイン / デジモ / 騎乗位 / 看護婦・ナース
1dandy00048,1dandy00048,digital,videoa,「真夏の痴●師を追え！巨乳女は痴●多発地帯でヤられるか？」,2009-05-17 10:00:00,https://video.dmm.co.jp/av/content/?id=1dandy00048,https://al.fanza.co.jp/?lurl=https%3A%2F%2Fvideo.dmm.co.jp%2Fav%2Fcontent%2F%3Fid%3D1dandy00048&af_id=okd0405-990&ch=api,,,,巨乳 / 3P・4P / デジモ
1dandy00047,1dandy00047,digital,videoa,「間違えたフリしてINTERNATIONAL金髪ハイスクールバスに乗り込んでヤられた」 VOL.2,2009-05-17 10:00:00,https://video.dmm.co.jp/av/content/?id=1dandy00047,https://al.fanza.co.jp/?lurl=https%3A%2F%2Fvideo.dmm.co.jp%2Fav%2Fcontent%2F%3Fid%3D1dandy00047&af_id=okd0405-990&ch=api,,,,制服 / シックスナイン / デジモ / 女子校生 / 巨乳
1dandy00046,1dandy00046,digital,videoa,「間違えたフリして女性専用車両に乗り込んでヤられた」 VOL.4,2009-05-17 10:00:00,https://video.dmm.co.jp/av/content/?id=1dandy00046,https://al.fanza.co.jp/?lurl=https%3A%2F%2Fvideo.dmm.co.jp%2Fav%2Fcontent%2F%3Fid%3D1dandy00046&af_id=okd0405-990&ch=api,,,,痴女 / デジモ / 制服
1dandy00045,1dandy00045,digital,videoa,「プロから学ぶ！これが真夏のプールで誰にも気付かれず『水中全裸手コキのヤり方』成功術」,2009-05-17 10:00:00,https://video.dmm.co.jp/av/content/?id=1dandy00045,https://al.fanza.co.jp/?lurl=https%3A%2F%2Fvideo.dmm.co.jp%2Fav%2Fcontent%2F%3Fid%3D1dandy00045&af_id=okd0405-990&ch=api,,,,手コキ / 水着 / 潮吹き / デジモ / 企画
1bksp00087,1bksp00087,digital,videoa,ロ●ータ中出し4時間,2009-05-17 10:00:00,https://video.dmm.co.jp/av/content/?id=1bksp00087,https://al.fanza.co.jp/?lurl=https%3A%2F%2Fvideo.dmm.co.jp%2Fav%2Fcontent%2F%3Fid%3D1bksp00087&af_id=okd0405-990&ch=api,,,,中出し / 騎乗位 / ミニ系 / ベスト・総集編
1bksp00086,1bksp00086,digital,videoa,本物プロダクションが潰れる間際に持ち込んだ、二流タレントを食っちゃった映像。,2009-05-17 10:00:00,https://video.dmm.co.jp/av/content/?id=1bksp00086,https://al.fanza.co.jp/?lurl=https%3A%2F%2Fvideo.dmm.co.jp%2Fav%2Fcontent%2F%3Fid%3D1bksp00086&af_id=okd0405-990&ch=api,,,,騎乗位 / 巨乳 / クンニ / シックスナイン
1bksp00081,1bksp00081,digital,videoa,盗撮 女子校生万引き折●記録,2009-05-17 10:00:00,https://video.dmm.co.jp/av/content/?id=1bksp00081,https://al.fanza.co.jp/?lurl=https%3A%2F%2Fvideo.dmm.co.jp%2Fav%2Fcontent%2F%3Fid%3D1bksp00081&af_id=okd0405-990&ch=api,,,,盗撮・のぞき / 指マン / 女子校生
1bksp00079,1bksp00079,digital,videoa,団地妻 4時間,2009-05-17 10:00:00,https://video.dmm.co.jp/av/content/?id=1bksp00079,https://al.fanza.co.jp/?lurl=https%3A%2F%2Fvideo.dmm.co.jp%2Fav%2Fcontent%2F%3Fid%3D1bksp00079&af_id=okd0405-990&ch=api,,,,ベスト・総集編 / 母乳 / 裸エプロン / 人妻・主婦 / 巨乳
1bksp00078,1bksp00078,digital,videoa,ロ●ータ美少女 アナル浣腸マッサージ,2009-05-17 10:00:00,https://video.dmm.co.jp/av/content/?id=1bksp00078,https://al.fanza.co.jp/?lurl=https%3A%2F%2Fvideo.dmm.co.jp%2Fav%2Fcontent%2F%3Fid%3D1bksp00078&af_id=okd0405-990&ch=api,,,,浣腸 / アナル / スカトロ / ミニ系 / マッサージ・リフレ
180advr00094,180advr00094,digital,videoa,姦緊館,2009-05-17 10:00:00,https://video.dmm.co.jp/av/content/?id=180advr00094,https://al.fanza.co.jp/?lurl=https%3A%2F%2Fvideo.dmm.co.jp%2Fav%2Fcontent%2F%3Fid%3D180advr00094&af_id=okd0405-990&ch=api,,,,辱め / 縛り・緊縛 / 若妻・幼妻 / SM
143kid00024,143kid00024,digital,videoa,近親相姦遊戯 父と嫁 其の八 中川ルナ,2009-05-17 10:00:00,https://video.dmm.co.jp/av/content/?id=143kid00024,https://al.fanza.co.jp/?lurl=https%3A%2F%2Fvideo.dmm.co.jp%2Fav%2Fcontent%2F%3Fid%3D143kid00024&af_id=okd0405-990&ch=api,,,,単体作品 / デジモ / 中出し / 熟女 / 拘束 / 近親相姦 / シックスナイン
140c01161,140c01161,digital,videoa,セイフクJack 005,2009-05-17 10:00:00,https://video.dmm.co.jp/av/content/?id=140c01161,https://al.fanza.co.jp/?lurl=https%3A%2F%2Fvideo.dmm.co.jp%2Fav%2Fcontent%2F%3Fid%3D140c01161&af_id=okd0405-990&ch=api,,,,体操着・ブルマ / 競泳・スクール水着 / 女子校生
111ddxx003,111ddxx003,digital,videoa,猥褻麻酔治療カルテ File3,2009-05-17 10:00:00,https://video.dmm.co.jp/av/content/?id=111ddxx003,https://al.fanza.co.jp/?lurl=https%3A%2F%2Fvideo.dmm.co.jp%2Fav%2Fcontent%2F%3Fid%3D111ddxx003&af_id=okd0405-990&ch=api,,,,クスコ / その他フェチ
3nwf00262,3nwf00262,digital,videoa,WILD HIP 月野りさ,2009-05-16 10:00:36,https://video.dmm.co.jp/av/content/?id=3nwf00262,https://al.fanza.co.jp/?lurl=https%3A%2F%2Fvideo.dmm.co.jp%2Fav%2Fcontent%2F%3Fid%3D3nwf00262&af_id=okd0405-990&ch=api,,,,パンスト・タイツ / ギャル / ローション・オイル / 尻フェチ / 単体作品 / 独占配信
21psd00359,21psd00359,digital,videoa,「女の口は嘘をつく。」 雌女ANTHOLOGY ＃068 つぼみ,2009-05-16 10:00:35,https://video.dmm.co.jp/av/content/?id=21psd00359,https://al.fanza.co.jp/?lurl=https%3A%2F%2Fvideo.dmm.co.jp%2Fav%2Fcontent%2F%3Fid%3D21psd00359&af_id=okd0405-990&ch=api,,,,主観 / 淫語 / 痴女 / 職業色々 / 恋愛 / 単体作品
h_175dmkg00001,h_175dmkg00001,digital,videoa,新・女スパイ拷問極秘ファイル VOL.1 極上女体炎上,2009-05-16 10:00:34,https://video.dmm.co.jp/av/content/?id=h_175dmkg00001,https://al.fanza.co.jp/?lurl=https%3A%2F%2Fvideo.dmm.co.jp%2Fav%2Fcontent%2F%3Fid%3Dh_175dmkg00001&af_id=okd0405-990&ch=api,,,,拷問 / その他フェチ / 拘束 / 電マ / 素人
84rmiad00129,84rmiad00129,digital,videoa,解禁コレクション 浅尾リカ 中出し！ぶっかけ！ごっくん！レズ！緊縛！,2009-05-16 10:00:33,https://video.dmm.co.jp/av/content/?id=84rmiad00129,https://al.fanza.co.jp/?lurl=https%3A%2F%2Fvideo.dmm.co.jp%2Fav%2Fcontent%2F%3Fid%3D84rmiad00129&af_id=okd0405-990&ch=api,,,,ごっくん / ぶっかけ / 中出し / 縛り・緊縛 / 単体作品 / 女優ベスト・総集編
dwd017,dwd017,digital,videoa,人のチンポコを笑うな 園原りか,2009-05-16 10:00:32,https://video.dmm.co.jp/av/content/?id=dwd017,https://al.fanza.co.jp/?lurl=https%3A%2F%2Fvideo.dmm.co.jp%2Fav%2Fcontent%2F%3Fid%3Ddwd017&af_id=okd0405-990&ch=api,,,,痴女 / OL / 手コキ / その他フェチ / 単体作品
3nwf00263,3nwf00263,digital,videoa,鬼イカセ×口淫イラマチオ 北島玲,2009-05-16 10:00:31,https://video.dmm.co.jp/av/content/?id=3nwf00263,https://al.fanza.co.jp/?lurl=https%3A%2F%2Fvideo.dmm.co.jp%2Fav%2Fcontent%2F%3Fid%3D3nwf00263&af_id=okd0405-990&ch=api,,,,イラマチオ / 3P・4P / フェラ / 単体作品 / その他フェチ / 拘束 / 独占配信
3nwf00264,3nwf00264,digital,videoa,変態女教師ごっくんスペルマ38発！ 一戸のぞみ,2009-05-16 10:00:30,https://video.dmm.co.jp/av/content/?id=3nwf00264,https://al.fanza.co.jp/?lurl=https%3A%2F%2Fvideo.dmm.co.jp%2Fav%2Fcontent%2F%3Fid%3D3nwf00264&af_id=okd0405-990&ch=api,,,,単体作品 / 巨乳 / 女教師 / 3P・4P / ごっくん
21psd00360,21psd00360,digital,videoa,癒らし。 VOL.58 田中亜弥,2009-05-16 10:00:29,https://video.dmm.co.jp/av/content/?id=21psd00360,https://al.fanza.co.jp/?lurl=https%3A%2F%2Fvideo.dmm.co.jp%2Fav%2Fcontent%2F%3Fid%3D21psd00360&af_id=okd0405-990&ch=api,,,,単体作品 / スレンダー / 貧乳・微乳 / お姉さん / 恋愛 / 主観
21pssd00139,21pssd00139,digital,videoa,シチュエーションドラマ催● 3,2009-05-16 10:00:28,https://video.dmm.co.jp/av/content/?id=21pssd00139,https://al.fanza.co.jp/?lurl=https%3A%2F%2Fvideo.dmm.co.jp%2Fav%2Fcontent%2F%3Fid%3D21pssd00139&af_id=okd0405-990&ch=api,,,,ベスト・総集編 / ドール / 妄想 / 巨乳
49hedv00090,49hedv00090,digital,videoa,憧れの先生は絶品ボディ！！ 3,2009-05-16 10:00:27,https://video.dmm.co.jp/av/content/?id=49hedv00090,https://al.fanza.co.jp/?lurl=https%3A%2F%2Fvideo.dmm.co.jp%2Fav%2Fcontent%2F%3Fid%3D49hedv00090&af_id=okd0405-990&ch=api,,,,スレンダー / 女教師
50ktdvr00197,50ktdvr00197,digital,videoa,密室強●エレベーターガール,2009-05-16 10:00:26,https://video.dmm.co.jp/av/content/?id=50ktdvr00197,https://al.fanza.co.jp/?lurl=https%3A%2F%2Fvideo.dmm.co.jp%2Fav%2Fcontent%2F%3Fid%3D50ktdvr00197&af_id=okd0405-990&ch=api,,,,職業色々 / 辱め
h_001stjd00001,h_001stjd00001,digital,videoa,整体医院の実態 美人患者厳選14人,2009-05-16 10:00:24,https://video.dmm.co.jp/av/content/?id=h_001stjd00001,https://al.fanza.co.jp/?lurl=https%3A%2F%2Fvideo.dmm.co.jp%2Fav%2Fcontent%2F%3Fid%3Dh_001stjd00001&af_id=okd0405-990&ch=api,,,,職業色々 / 盗撮・のぞき / クンニ
41bndv00603,41bndv00603,digital,videoa,春風えみ大全集 4 6時間,2009-05-16 10:00:21,https://video.dmm.co.jp/av/content/?id=41bndv00603,https://al.fanza.co.jp/?lurl=https%3A%2F%2Fvideo.dmm.co.jp%2Fav%2Fcontent%2F%3Fid%3D41bndv00603&af_id=okd0405-990&ch=api,,,,拘束 / 騎乗位 / 3P・4P / 単体作品 / 女優ベスト・総集編
149rd282r,149rd282r,digital,videoa,独占！人の妻ワイドスペシャル あ～いい、ずっと御無沙汰だったの！,2009-05-16 10:00:20,https://video.dmm.co.jp/av/content/?id=149rd282r,https://al.fanza.co.jp/?lurl=https%3A%2F%2Fvideo.dmm.co.jp%2Fav%2Fcontent%2F%3Fid%3D149rd282r&af_id=okd0405-990&ch=api,,,,フェラ / クンニ / 人妻・主婦
50ktdvr00195,50ktdvr00195,digital,videoa,婦人性活 第1巻 その姿は母では無く、汚い親爺の肉棒に喘ぐ一人の女だった…,2009-05-16 10:00:18,https://video.dmm.co.jp/av/content/?id=50ktdvr00195,https://al.fanza.co.jp/?lurl=https%3A%2F%2Fvideo.dmm.co.jp%2Fav%2Fcontent%2F%3Fid%3D50ktdvr00195&af_id=okd0405-990&ch=api,,,,騎乗位 / クンニ / 人妻・主婦 / 熟女
50ktdvr00196,50ktdvr00196,digital,videoa,家庭教師の下着 8人3時間,2009-05-16 10:00:17,https://video.dmm.co.jp/av/content/?id=50ktdvr00196,https://al.fanza.co.jp/?lurl=https%3A%2F%2Fvideo.dmm.co.jp%2Fav%2Fcontent%2F%3Fid%3D50ktdvr00196&af_id=okd0405-990&ch=api,,,,ランジェリー / 家庭教師 / 痴女 / クンニ
h_021nps024,h_021nps024,digital,videoa,ガチナンパ！ド素人さんオナニーを手伝ってくれませんか？ 8,2009-05-16 10:00:16,https://video.dmm.co.jp/av/content/?id=h_021nps024,https://al.fanza.co.jp/?lurl=https%3A%2F%2Fvideo.dmm.co.jp%2Fav%2Fcontent%2F%3Fid%3Dh_021nps024&af_id=okd0405-990&ch=api,,,,ナンパ / 手コキ / 素人
h_046kbkd00465,h_046kbkd00465,digital,videoa,彼女の母親 塚本ひろな 佳恵,2009-05-16 10:00:15,https://video.dmm.co.jp/av/content/?id=h_046kbkd00465,https://al.fanza.co.jp/?lurl=https%3A%2F%2Fvideo.dmm.co.jp%2Fav%2Fcontent%2F%3Fid%3Dh_046kbkd00465&af_id=okd0405-990&ch=api,,,,熟女 / 人妻・主婦 / 騎乗位
h_115seed00038,h_115seed00038,digital,videoa,近親相姦美熟女セレクション VOL.8,2009-05-16 10:00:14,https://video.dmm.co.jp/av/content/?id=h_115seed00038,https://al.fanza.co.jp/?lurl=https%3A%2F%2Fvideo.dmm.co.jp%2Fav%2Fcontent%2F%3Fid%3Dh_115seed00038&af_id=okd0405-990&ch=api,,,,近親相姦 / 熟女 / ベスト・総集編
h_005rbc00179,h_005rbc00179,digital,videoa,NEWHALF×SM 4時間スペシャル,2009-05-16 10:00:13,https://video.dmm.co.jp/av/content/?id=h_005rbc00179,https://al.fanza.co.jp/?lurl=https%3A%2F%2Fvideo.dmm.co.jp%2Fav%2Fcontent%2F%3Fid%3Dh_005rbc00179&af_id=okd0405-990&ch=api,,,,ニューハーフ / 浣腸 / SM
h_158tod76,h_158tod76,digital,videoa,ガマンできない人妻たち 超悶絶ライヴ,2009-05-16 10:00:12,https://video.dmm.co.jp/av/content/?id=h_158tod76,https://al.fanza.co.jp/?lurl=https%3A%2F%2Fvideo.dmm.co.jp%2Fav%2Fcontent%2F%3Fid%3Dh_158tod76&af_id=okd0405-990&ch=api,,,,熟女 / 人妻・主婦
46rgdr00150,46rgdr00150,digital,videoa,メイドLEGS 3,2009-05-16 10:00:11,https://video.dmm.co.jp/av/content/?id=46rgdr00150,https://al.fanza.co.jp/?lurl=https%3A%2F%2Fvideo.dmm.co.jp%2Fav%2Fcontent%2F%3Fid%3D46rgdr00150&af_id=okd0405-990&ch=api,,,,脚フェチ / 騎乗位 / メイド / パンスト・タイツ / 指マン
h_170vnds915,h_170vnds915,digital,videoa,父の入浴中に息子にイカされる母,2009-05-16 10:00:10,https://video.dmm.co.jp/av/content/?id=h_170vnds915,https://al.fanza.co.jp/?lurl=https%3A%2F%2Fvideo.dmm.co.jp%2Fav%2Fcontent%2F%3Fid%3Dh_170vnds915&af_id=okd0405-990&ch=api,,,,近親相姦 / お母さん / 巨乳 / クンニ / 騎乗位
178scp020,178scp020,digital,videoa,雪村春樹全集 3 佐藤あや,2009-05-16 10:00:09,https://video.dmm.co.jp/av/content/?id=178scp020,https://al.fanza.co.jp/?lurl=https%3A%2F%2Fvideo.dmm.co.jp%2Fav%2Fcontent%2F%3Fid%3D178scp020&af_id=okd0405-990&ch=api,,,,人妻・主婦 / 縛り・緊縛 / 羞恥 / 単体作品
59his005,59his005,digital,videoa,ネット援交 ハメ撮り映像3,2009-05-16 10:00:08,https://video.dmm.co.jp/av/content/?id=59his005,https://al.fanza.co.jp/?lurl=https%3A%2F%2Fvideo.dmm.co.jp%2Fav%2Fcontent%2F%3Fid%3D59his005&af_id=okd0405-990&ch=api,,,,ハメ撮り / 素人 / 中出し
h_167alx425,h_167alx425,digital,videoa,もしも体が小さくなったら 2,2009-05-16 10:00:07,https://video.dmm.co.jp/av/content/?id=h_167alx425,https://al.fanza.co.jp/?lurl=https%3A%2F%2Fvideo.dmm.co.jp%2Fav%2Fcontent%2F%3Fid%3Dh_167alx425&af_id=okd0405-990&ch=api,,,,盗撮・のぞき / オナニー / 騎乗位 / 巨乳 / パイズリ
13mevd02,13mevd02,digital,videoa,加藤まみのアナルイキッパ！ 2,2009-05-16 10:00:06,https://video.dmm.co.jp/av/content/?id=13mevd02,https://al.fanza.co.jp/?lurl=https%3A%2F%2Fvideo.dmm.co.jp%2Fav%2Fcontent%2F%3Fid%3D13mevd02&af_id=okd0405-990&ch=api,,,,めがね / 中出し / アナル / 3P・4P / デジモ / 単体作品
62daj00076,62daj00076,digital,videoa,The Best of No.1 有賀美穂 Deluxe,2009-05-16 10:00:05,https://video.dmm.co.jp/av/content/?id=62daj00076,https://al.fanza.co.jp/?lurl=https%3A%2F%2Fvideo.dmm.co.jp%2Fav%2Fcontent%2F%3Fid%3D62daj00076&af_id=okd0405-990&ch=api,,,,女優ベスト・総集編 / 単体作品 / 人妻・主婦 / 巨乳 / 女教師
104endd00003,104endd00003,digital,videoa,エッチなデート VOL.3 奥菜つばさ,2009-05-16 10:00:04,https://video.dmm.co.jp/av/content/?id=104endd00003,https://al.fanza.co.jp/?lurl=https%3A%2F%2Fvideo.dmm.co.jp%2Fav%2Fcontent%2F%3Fid%3D104endd00003&af_id=okd0405-990&ch=api,,,,クンニ / 巨乳 / ミニ系 / パイズリ / 単体作品
433mbd128,433mbd128,digital,videoa,妹はあまえんぼう 若林朱里,2009-05-16 10:00:03,https://video.dmm.co.jp/av/content/?id=433mbd128,https://al.fanza.co.jp/?lurl=https%3A%2F%2Fvideo.dmm.co.jp%2Fav%2Fcontent%2F%3Fid%3D433mbd128&af_id=okd0405-990&ch=api,,,,単体作品 / デビュー作品 / 騎乗位 / 手コキ / セーラー服 / 姉・妹
57mc00641,57mc00641,digital,videoa,美人妻 白百合晩餐館,2009-05-16 10:00:02,https://video.dmm.co.jp/av/content/?id=57mc00641,https://al.fanza.co.jp/?lurl=https%3A%2F%2Fvideo.dmm.co.jp%2Fav%2Fcontent%2F%3Fid%3D57mc00641&af_id=okd0405-990&ch=api,,,,人妻・主婦 / レズビアン / 熟女
434gasu012,434gasu012,digital,videoa,ランジェリスト ギャルズ,2009-05-16 10:00:01,https://video.dmm.co.jp/av/content/?id=434gasu012,https://al.fanza.co.jp/?lurl=https%3A%2F%2Fvideo.dmm.co.jp%2Fav%2Fcontent%2F%3Fid%3D434gasu012&af_id=okd0405-990&ch=api,,,,バイブ / スレンダー / フェラ / ランジェリー / 尻フェチ
jgul001,jgul001,digital,videoa,人妻限定！ドピュッと中出ししちゃってッッ↑↑,2009-05-16 10:00:00,https://video.dmm.co.jp/av/content/?id=jgul001,https://al.fanza.co.jp/?lurl=https%3A%2F%2Fvideo.dmm.co.jp%2Fav%2Fcontent%2F%3Fid%3Djgul001&af_id=okd0405-990&ch=api,,,,インディーズ / 中出し / 人妻・主婦
aa661,aa661,digital,videoa,NEO出血大制服35,2009-05-16 10:00:00,https://video.dmm.co.jp/av/content/?id=aa661,https://al.fanza.co.jp/?lurl=https%3A%2F%2Fvideo.dmm.co.jp%2Fav%2Fcontent%2F%3Fid%3Daa661&af_id=okd0405-990&ch=api,,,,コスプレ / 女医 / パイズリ / ランジェリー / セーラー服 / 単体作品
h_127ysn00150,h_127ysn00150,digital,videoa,下級生 僕の彼女は、Gカップ めぐみ,2009-05-15 10:00:29,https://video.dmm.co.jp/av/content/?id=h_127ysn00150,https://al.fanza.co.jp/?lurl=https%3A%2F%2Fvideo.dmm.co.jp%2Fav%2Fcontent%2F%3Fid%3Dh_127ysn00150&af_id=okd0405-990&ch=api,,,,単体作品 / 巨乳 / セーラー服 / パイズリ / 美少女 / フェラ
24lsd00012,24lsd00012,digital,videoa,しばられたい わたし、ただのオモチャで、いいんです。 平塚ゆい,2009-05-15 10:00:28,https://video.dmm.co.jp/av/content/?id=24lsd00012,https://al.fanza.co.jp/?lurl=https%3A%2F%2Fvideo.dmm.co.jp%2Fav%2Fcontent%2F%3Fid%3D24lsd00012&af_id=okd0405-990&ch=api,,,,単体作品 / 縛り・緊縛 / スレンダー / ミニ系 / 巨乳 / 3P・4P
2cwm00075,2cwm00075,digital,videoa,母乳ママは女子校生 和久井優子,2009-05-15 10:00:27,https://video.dmm.co.jp/av/content/?id=2cwm00075,https://al.fanza.co.jp/?lurl=https%3A%2F%2Fvideo.dmm.co.jp%2Fav%2Fcontent%2F%3Fid%3D2cwm00075&af_id=okd0405-990&ch=api,,,,母乳 / 学生服 / 女子校生 / 電マ / 体操着・ブルマ / 単体作品
2cwm00077,2cwm00077,digital,videoa,親友レズビアン 純名もも 夏野かをり,2009-05-15 10:00:26,https://video.dmm.co.jp/av/content/?id=2cwm00077,https://al.fanza.co.jp/?lurl=https%3A%2F%2Fvideo.dmm.co.jp%2Fav%2Fcontent%2F%3Fid%3D2cwm00077&af_id=okd0405-990&ch=api,,,,レズビアン / クンニ / ハメ撮り
24cxd00010,24cxd00010,digital,videoa,誘惑、女教師。 男子をたぶらかす年上のオンナ 田中亜弥,2009-05-15 10:00:25,https://video.dmm.co.jp/av/content/?id=24cxd00010,https://al.fanza.co.jp/?lurl=https%3A%2F%2Fvideo.dmm.co.jp%2Fav%2Fcontent%2F%3Fid%3D24cxd00010&af_id=okd0405-990&ch=api,,,,単体作品 / 女教師 / シックスナイン / 痴女 / 手コキ / 騎乗位
h_127ysn00149,h_127ysn00149,digital,videoa,Hカップと制服（ナース）と中出し,2009-05-15 10:00:24,https://video.dmm.co.jp/av/content/?id=h_127ysn00149,https://al.fanza.co.jp/?lurl=https%3A%2F%2Fvideo.dmm.co.jp%2Fav%2Fcontent%2F%3Fid%3Dh_127ysn00149&af_id=okd0405-990&ch=api,,,,単体作品 / 看護婦・ナース / 制服 / 中出し / 巨乳 / パイズリ
h_254hnb00016,h_254hnb00016,digital,videoa,憧れの同級生 黒木かえで,2009-05-15 10:00:23,https://video.dmm.co.jp/av/content/?id=h_254hnb00016,https://al.fanza.co.jp/?lurl=https%3A%2F%2Fvideo.dmm.co.jp%2Fav%2Fcontent%2F%3Fid%3Dh_254hnb00016&af_id=okd0405-990&ch=api,,,,単体作品 / 人妻・主婦 / 辱め / 制服
h_254hnb00018,h_254hnb00018,digital,videoa,義父の嫁虐り 南つかさ,2009-05-15 10:00:22,https://video.dmm.co.jp/av/content/?id=h_254hnb00018,https://al.fanza.co.jp/?lurl=https%3A%2F%2Fvideo.dmm.co.jp%2Fav%2Fcontent%2F%3Fid%3Dh_254hnb00018&af_id=okd0405-990&ch=api,,,,単体作品 / 未亡人 / 熟女 / 近親相姦 / 辱め
2cwm00076,2cwm00076,digital,videoa,デキる女は、乳首を責める。,2009-05-15 10:00:21,https://video.dmm.co.jp/av/content/?id=2cwm00076,https://al.fanza.co.jp/?lurl=https%3A%2F%2Fvideo.dmm.co.jp%2Fav%2Fcontent%2F%3Fid%3D2cwm00076&af_id=okd0405-990&ch=api,,,,その他フェチ / チャイナドレス / お姉さん / 職業色々
125ud00378r,125ud00378r,digital,videoa,デジモ痴女 The BEST 4,2009-05-15 10:00:20,https://video.dmm.co.jp/av/content/?id=125ud00378r,https://al.fanza.co.jp/?lurl=https%3A%2F%2Fvideo.dmm.co.jp%2Fav%2Fcontent%2F%3Fid%3D125ud00378r&af_id=okd0405-990&ch=api,,,,デジモ / 痴女 / ベスト・総集編
h_127ytr00007,h_127ytr00007,digital,videoa,クセになる爆乳パイズリ01 4時間,2009-05-15 10:00:19,https://video.dmm.co.jp/av/content/?id=h_127ytr00007,https://al.fanza.co.jp/?lurl=https%3A%2F%2Fvideo.dmm.co.jp%2Fav%2Fcontent%2F%3Fid%3Dh_127ytr00007&af_id=okd0405-990&ch=api,,,,巨乳 / パイズリ / ローション・オイル / 素人
h_254jckl00007,h_254jckl00007,digital,videoa,メタボなオジ様でも必ずヤレる！賞金アンケートナンパ,2009-05-15 10:00:16,https://video.dmm.co.jp/av/content/?id=h_254jckl00007,https://al.fanza.co.jp/?lurl=https%3A%2F%2Fvideo.dmm.co.jp%2Fav%2Fcontent%2F%3Fid%3Dh_254jckl00007&af_id=okd0405-990&ch=api,,,,ナンパ / 素人
h_254jckl00008,h_254jckl00008,digital,videoa,潜入ガールズバー！！モテギャルナンパ,2009-05-15 10:00:15,https://video.dmm.co.jp/av/content/?id=h_254jckl00008,https://al.fanza.co.jp/?lurl=https%3A%2F%2Fvideo.dmm.co.jp%2Fav%2Fcontent%2F%3Fid%3Dh_254jckl00008&af_id=okd0405-990&ch=api,,,,巨乳 / ナンパ / ギャル / 素人
24hfd00036,24hfd00036,digital,videoa,奥さん、そんな反応したら、和姦になっちゃうよ 巨乳人妻×白昼堂々×強●悦楽 4時間,2009-05-15 10:00:14,https://video.dmm.co.jp/av/content/?id=24hfd00036,https://al.fanza.co.jp/?lurl=https%3A%2F%2Fvideo.dmm.co.jp%2Fav%2Fcontent%2F%3Fid%3D24hfd00036&af_id=okd0405-990&ch=api,,,,ベスト・総集編 / 巨乳 / 熟女 / 人妻・主婦
2wsp00050,2wsp00050,digital,videoa,舐め狩り×生殺し 4時間,2009-05-15 10:00:13,https://video.dmm.co.jp/av/content/?id=2wsp00050,https://al.fanza.co.jp/?lurl=https%3A%2F%2Fvideo.dmm.co.jp%2Fav%2Fcontent%2F%3Fid%3D2wsp00050&af_id=okd0405-990&ch=api,,,,ベスト・総集編 / 巨乳 / 熟女 / 痴女 / 美少女
h_308aoz00005,h_308aoz00005,digital,videoa,素人娘は乱交プレイに興味があるかナンパで試してみた。,2009-05-15 10:00:12,https://video.dmm.co.jp/av/content/?id=h_308aoz00005,https://al.fanza.co.jp/?lurl=https%3A%2F%2Fvideo.dmm.co.jp%2Fav%2Fcontent%2F%3Fid%3Dh_308aoz00005&af_id=okd0405-990&ch=api,,,,企画 / 乱交 / ナンパ / 素人
h_308aoz00006,h_308aoz00006,digital,videoa,代官山人妻中出しナンパ,2009-05-15 10:00:11,https://video.dmm.co.jp/av/content/?id=h_308aoz00006,https://al.fanza.co.jp/?lurl=https%3A%2F%2Fvideo.dmm.co.jp%2Fav%2Fcontent%2F%3Fid%3Dh_308aoz00006&af_id=okd0405-990&ch=api,,,,熟女 / ナンパ / 中出し / 人妻・主婦
49cadv110,49cadv110,digital,videoa,CRYSTAL THE BEST 2009 vol.2,2009-05-15 10:00:10,https://video.dmm.co.jp/av/content/?id=49cadv110,https://al.fanza.co.jp/?lurl=https%3A%2F%2Fvideo.dmm.co.jp%2Fav%2Fcontent%2F%3Fid%3D49cadv110&af_id=okd0405-990&ch=api,,,,電マ / 熟女 / ベスト・総集編 / 潮吹き
h_100smow064,h_100smow064,digital,videoa,公共の営業中サウナに全裸の女優を放り込め！！ 3,2009-05-15 10:00:09,https://video.dmm.co.jp/av/content/?id=h_100smow064,https://al.fanza.co.jp/?lurl=https%3A%2F%2Fvideo.dmm.co.jp%2Fav%2Fcontent%2F%3Fid%3Dh_100smow064&af_id=okd0405-990&ch=api,,,,3P・4P / 企画 / 羞恥
h_169simg062,h_169simg062,digital,videoa,現役女子大生 お天気お姉さんのグチョ濡れマーク 葵えみり,2009-05-15 10:00:06,https://video.dmm.co.jp/av/content/?id=h_169simg062,https://al.fanza.co.jp/?lurl=https%3A%2F%2Fvideo.dmm.co.jp%2Fav%2Fcontent%2F%3Fid%3Dh_169simg062&af_id=okd0405-990&ch=api,,,,ミニスカ / 野外・露出 / ローション・オイル / 水着 / 女子大生 / 単体作品
57mc00591,57mc00591,digital,videoa,アシヤレーヌ 3,2009-05-15 10:00:04,https://video.dmm.co.jp/av/content/?id=57mc00591,https://al.fanza.co.jp/?lurl=https%3A%2F%2Fvideo.dmm.co.jp%2Fav%2Fcontent%2F%3Fid%3D57mc00591&af_id=okd0405-990&ch=api,,,,フェラ / 人妻・主婦 / お嬢様・令嬢
41ckt007,41ckt007,digital,videoa,世紀末の極限愛,2009-05-15 10:00:03,https://video.dmm.co.jp/av/content/?id=41ckt007,https://al.fanza.co.jp/?lurl=https%3A%2F%2Fvideo.dmm.co.jp%2Fav%2Fcontent%2F%3Fid%3D41ckt007&af_id=okd0405-990&ch=api,,,,SM / 投稿
41ckt006,41ckt006,digital,videoa,いぢられ地獄 藤井さとみ,2009-05-15 10:00:02,https://video.dmm.co.jp/av/content/?id=41ckt006,https://al.fanza.co.jp/?lurl=https%3A%2F%2Fvideo.dmm.co.jp%2Fav%2Fcontent%2F%3Fid%3D41ckt006&af_id=okd0405-990&ch=api,,,,単体作品 / セーラー服 / SM / 巨乳
181dse00415,181dse00415,digital,videoa,【近親相姦シリーズ】 母の誘惑 広瀬ゆかり・さとこ,2009-05-15 10:00:01,https://video.dmm.co.jp/av/content/?id=181dse00415,https://al.fanza.co.jp/?lurl=https%3A%2F%2Fvideo.dmm.co.jp%2Fav%2Fcontent%2F%3Fid%3D181dse00415&af_id=okd0405-990&ch=api,,,,単体作品 / 近親相姦 / 熟女 / お母さん
xqol001,xqol001,digital,videoa,緊急発売！10代素人娘極上援交,2009-05-15 10:00:00,https://video.dmm.co.jp/av/content/?id=xqol001,https://al.fanza.co.jp/?lurl=https%3A%2F%2Fvideo.dmm.co.jp%2Fav%2Fcontent%2F%3Fid%3Dxqol001&af_id=okd0405-990&ch=api,,,,セーラー服 / インディーズ / 素人
3nwf00259,3nwf00259,digital,videoa,超☆制服トランス 妃乃ひかり,2009-05-14 10:00:37,https://video.dmm.co.jp/av/content/?id=3nwf00259,https://al.fanza.co.jp/?lurl=https%3A%2F%2Fvideo.dmm.co.jp%2Fav%2Fcontent%2F%3Fid%3D3nwf00259&af_id=okd0405-990&ch=api,,,,独占配信 / コスプレ / 騎乗位 / 単体作品 / 制服 / 手コキ
49ekdv00038,49ekdv00038,digital,videoa,INSTANT LOVE 5,2009-05-14 10:00:36,https://video.dmm.co.jp/av/content/?id=49ekdv00038,https://al.fanza.co.jp/?lurl=https%3A%2F%2Fvideo.dmm.co.jp%2Fav%2Fcontent%2F%3Fid%3D49ekdv00038&af_id=okd0405-990&ch=api,,,,単体作品 / 女子校生 / 学生服 / 騎乗位
h_086soul00014,h_086soul00014,digital,videoa,隣りのおばさん 北原夏美,2009-05-14 10:00:35,https://video.dmm.co.jp/av/content/?id=h_086soul00014,https://al.fanza.co.jp/?lurl=https%3A%2F%2Fvideo.dmm.co.jp%2Fav%2Fcontent%2F%3Fid%3Dh_086soul00014&af_id=okd0405-990&ch=api,,,,熟女 / 騎乗位 / 単体作品
3nwf00260,3nwf00260,digital,videoa,社長秘書はインテリ痴女 佐伯奈々,2009-05-14 10:00:34,https://video.dmm.co.jp/av/content/?id=3nwf00260,https://al.fanza.co.jp/?lurl=https%3A%2F%2Fvideo.dmm.co.jp%2Fav%2Fcontent%2F%3Fid%3D3nwf00260&af_id=okd0405-990&ch=api,,,,淫語 / 放尿・お漏らし / 単体作品 / 痴女 / 秘書 / 独占配信
ddt220,ddt220,digital,videoa,女体マグニチュード ボッキ・クリトリス直下型アクメ 浜崎りお,2009-05-14 10:00:33,https://video.dmm.co.jp/av/content/?id=ddt220,https://al.fanza.co.jp/?lurl=https%3A%2F%2Fvideo.dmm.co.jp%2Fav%2Fcontent%2F%3Fid%3Dddt220&af_id=okd0405-990&ch=api,,,,3P・4P / 巨乳 / 単体作品 / 潮吹き / 縛り・緊縛
h_086tnss00026,h_086tnss00026,digital,videoa,中出し手ほどき母子姦通 真波紫乃,2009-05-14 10:00:32,https://video.dmm.co.jp/av/content/?id=h_086tnss00026,https://al.fanza.co.jp/?lurl=https%3A%2F%2Fvideo.dmm.co.jp%2Fav%2Fcontent%2F%3Fid%3Dh_086tnss00026&af_id=okd0405-990&ch=api,,,,中出し / 単体作品 / 熟女 / 近親相姦
29dbzg00022,29dbzg00022,digital,videoa,若妻羞恥旅行 第21章,2009-05-14 10:00:31,https://video.dmm.co.jp/av/content/?id=29dbzg00022,https://al.fanza.co.jp/?lurl=https%3A%2F%2Fvideo.dmm.co.jp%2Fav%2Fcontent%2F%3Fid%3D29dbzg00022&af_id=okd0405-990&ch=api,,,,単体作品 / 若妻・幼妻 / 騎乗位 / 美乳 / 和服・浴衣 / 羞恥
3nwf00261,3nwf00261,digital,videoa,デカパイでか尻ソープ嬢 モカ,2009-05-14 10:00:30,https://video.dmm.co.jp/av/content/?id=3nwf00261,https://al.fanza.co.jp/?lurl=https%3A%2F%2Fvideo.dmm.co.jp%2Fav%2Fcontent%2F%3Fid%3D3nwf00261&af_id=okd0405-990&ch=api,,,,独占配信 / キャバ嬢・風俗嬢 / パイズリ / 淫語 / 巨乳 / 単体作品
23erb00001,23erb00001,digital,videoa,エロイカラダのイイオンナ-EroticaBody- I,2009-05-14 10:00:29,https://video.dmm.co.jp/av/content/?id=23erb00001,https://al.fanza.co.jp/?lurl=https%3A%2F%2Fvideo.dmm.co.jp%2Fav%2Fcontent%2F%3Fid%3D23erb00001&af_id=okd0405-990&ch=api,,,,痴女 / 淫乱・ハード系 / 淫語 / スレンダー / 長身 / 単体作品
h_086hhed00001,h_086hhed00001,digital,videoa,親戚のおばさん 青山小百合,2009-05-14 10:00:28,https://video.dmm.co.jp/av/content/?id=h_086hhed00001,https://al.fanza.co.jp/?lurl=https%3A%2F%2Fvideo.dmm.co.jp%2Fav%2Fcontent%2F%3Fid%3Dh_086hhed00001&af_id=okd0405-990&ch=api,,,,クンニ / 熟女 / 単体作品
29djnl00011,29djnl00011,digital,videoa,巨尻なお姉さんに溜まったチ●ポ汁搾り採られちゃった！ 2,2009-05-14 10:00:27,https://video.dmm.co.jp/av/content/?id=29djnl00011,https://al.fanza.co.jp/?lurl=https%3A%2F%2Fvideo.dmm.co.jp%2Fav%2Fcontent%2F%3Fid%3D29djnl00011&af_id=okd0405-990&ch=api,,,,単体作品 / 看護婦・ナース / お姉さん / パンスト・タイツ / 騎乗位 / 尻フェチ
29djno00069,29djno00069,digital,videoa,巨尻熟女 中村綾乃,2009-05-14 10:00:26,https://video.dmm.co.jp/av/content/?id=29djno00069,https://al.fanza.co.jp/?lurl=https%3A%2F%2Fvideo.dmm.co.jp%2Fav%2Fcontent%2F%3Fid%3D29djno00069&af_id=okd0405-990&ch=api,,,,単体作品 / ランジェリー / 手コキ / 熟女 / 尻フェチ / 巨乳
h_046kbkd00464,h_046kbkd00464,digital,videoa,近親相姦 母と子 近藤美奈 かすみ,2009-05-14 10:00:25,https://video.dmm.co.jp/av/content/?id=h_046kbkd00464,https://al.fanza.co.jp/?lurl=https%3A%2F%2Fvideo.dmm.co.jp%2Fav%2Fcontent%2F%3Fid%3Dh_046kbkd00464&af_id=okd0405-990&ch=api,,,,単体作品 / シックスナイン / 中出し / 熟女 / 近親相姦 / お母さん
h_086jrzd00115,h_086jrzd00115,digital,videoa,初撮り五十路妻ドキュメント 松山祥子,2009-05-14 10:00:24,https://video.dmm.co.jp/av/content/?id=h_086jrzd00115,https://al.fanza.co.jp/?lurl=https%3A%2F%2Fvideo.dmm.co.jp%2Fav%2Fcontent%2F%3Fid%3Dh_086jrzd00115&af_id=okd0405-990&ch=api,,,,中出し / 騎乗位 / 単体作品 / 人妻・主婦 / 熟女
h_086jrzd00116,h_086jrzd00116,digital,videoa,初撮り五十路妻ドキュメント 松崎志津子,2009-05-14 10:00:23,https://video.dmm.co.jp/av/content/?id=h_086jrzd00116,https://al.fanza.co.jp/?lurl=https%3A%2F%2Fvideo.dmm.co.jp%2Fav%2Fcontent%2F%3Fid%3Dh_086jrzd00116&af_id=okd0405-990&ch=api,,,,中出し / 熟女 / 指マン / 単体作品 / 人妻・主婦
3naw00083,3naw00083,digital,videoa,Fカップ OVER 美巨乳のヌルヌルローションプレイ4時間,2009-05-14 10:00:22,https://video.dmm.co.jp/av/content/?id=3naw00083,https://al.fanza.co.jp/?lurl=https%3A%2F%2Fvideo.dmm.co.jp%2Fav%2Fcontent%2F%3Fid%3D3naw00083&af_id=okd0405-990&ch=api,,,,独占配信 / 巨乳 / 巨乳フェチ / ローション・オイル
3naw00080,3naw00080,digital,videoa,制服H 女子校生FILE50人4時間,2009-05-14 10:00:21,https://video.dmm.co.jp/av/content/?id=3naw00080,https://al.fanza.co.jp/?lurl=https%3A%2F%2Fvideo.dmm.co.jp%2Fav%2Fcontent%2F%3Fid%3D3naw00080&af_id=okd0405-990&ch=api,,,,独占配信 / シックスナイン / 騎乗位 / 女子校生 / 3P・4P
29djny00005,29djny00005,digital,videoa,生ブルセラ女子校生 放尿援●交際,2009-05-14 10:00:20,https://video.dmm.co.jp/av/content/?id=29djny00005,https://al.fanza.co.jp/?lurl=https%3A%2F%2Fvideo.dmm.co.jp%2Fav%2Fcontent%2F%3Fid%3D29djny00005&af_id=okd0405-990&ch=api,,,,その他フェチ / 飲尿 / 女子校生 / 放尿・お漏らし
h_086jkrd00032,h_086jkrd00032,digital,videoa,厳選奥さまシリーズ 猛乳Mカップのおばさん 安岡たまき,2009-05-14 10:00:19,https://video.dmm.co.jp/av/content/?id=h_086jkrd00032,https://al.fanza.co.jp/?lurl=https%3A%2F%2Fvideo.dmm.co.jp%2Fav%2Fcontent%2F%3Fid%3Dh_086jkrd00032&af_id=okd0405-990&ch=api,,,,単体作品 / 熟女 / ぽっちゃり / パイズリ / 巨乳
h_086tnss00027,h_086tnss00027,digital,videoa,近親相姦中出し親子 波木麗子,2009-05-14 10:00:18,https://video.dmm.co.jp/av/content/?id=h_086tnss00027,https://al.fanza.co.jp/?lurl=https%3A%2F%2Fvideo.dmm.co.jp%2Fav%2Fcontent%2F%3Fid%3Dh_086tnss00027&af_id=okd0405-990&ch=api,,,,中出し / 単体作品 / 熟女 / 指マン / 近親相姦
29djno00070,29djno00070,digital,videoa,美人妻の「パンティー」「ストッキング」「脇の下」「首」「尻」の汗で蒸れた匂いがたまらない。～温かい蒸れた生パンティーコキ～,2009-05-14 10:00:17,https://video.dmm.co.jp/av/content/?id=29djno00070,https://al.fanza.co.jp/?lurl=https%3A%2F%2Fvideo.dmm.co.jp%2Fav%2Fcontent%2F%3Fid%3D29djno00070&af_id=okd0405-990&ch=api,,,,人妻・主婦 / その他フェチ / パンスト・タイツ
h_067rnade388r,h_067rnade388r,digital,videoa,シースルーエロボディー 水城はるみ,2009-05-14 10:00:16,https://video.dmm.co.jp/av/content/?id=h_067rnade388r,https://al.fanza.co.jp/?lurl=https%3A%2F%2Fvideo.dmm.co.jp%2Fav%2Fcontent%2F%3Fid%3Dh_067rnade388r&af_id=okd0405-990&ch=api,,,,その他フェチ / 騎乗位 / 熟女
172rwrk317r,172rwrk317r,digital,videoa,レアル3周年記念 ぶっかけて スーパースターぶっかけ合計109発,2009-05-14 10:00:15,https://video.dmm.co.jp/av/content/?id=172rwrk317r,https://al.fanza.co.jp/?lurl=https%3A%2F%2Fvideo.dmm.co.jp%2Fav%2Fcontent%2F%3Fid%3D172rwrk317r&af_id=okd0405-990&ch=api,,,,ぶっかけ / 3P・4P / 顔射
41bndv00602,41bndv00602,digital,videoa,美尻カタログ4時間,2009-05-14 10:00:13,https://video.dmm.co.jp/av/content/?id=41bndv00602,https://al.fanza.co.jp/?lurl=https%3A%2F%2Fvideo.dmm.co.jp%2Fav%2Fcontent%2F%3Fid%3D41bndv00602&af_id=okd0405-990&ch=api,,,,尻フェチ / ローション・オイル / 騎乗位 / 潮吹き / 3P・4P
59hf017,59hf017,digital,videoa,極選！S級素人娘SPECIAL PART.2,2009-05-14 10:00:11,https://video.dmm.co.jp/av/content/?id=59hf017,https://al.fanza.co.jp/?lurl=https%3A%2F%2Fvideo.dmm.co.jp%2Fav%2Fcontent%2F%3Fid%3D59hf017&af_id=okd0405-990&ch=api,,,,カーセックス / ナンパ / ギャル / 素人
h_167alx330,h_167alx330,digital,videoa,パラパラGALトランスFUCK,2009-05-14 10:00:10,https://video.dmm.co.jp/av/content/?id=h_167alx330,https://al.fanza.co.jp/?lurl=https%3A%2F%2Fvideo.dmm.co.jp%2Fav%2Fcontent%2F%3Fid%3Dh_167alx330&af_id=okd0405-990&ch=api,,,,ギャル / スレンダー / フェラ / ミニスカ
h_169imgs104,h_169imgs104,digital,videoa,義妹は巨乳配達員,2009-05-14 10:00:09,https://video.dmm.co.jp/av/content/?id=h_169imgs104,https://al.fanza.co.jp/?lurl=https%3A%2F%2Fvideo.dmm.co.jp%2Fav%2Fcontent%2F%3Fid%3Dh_169imgs104&af_id=okd0405-990&ch=api,,,,フェラ / 監禁 / 姉・妹 / 巨乳 / 近親相姦
65tpd00026,65tpd00026,digital,videoa,素人無差別白書2 ビギナー編,2009-05-14 10:00:08,https://video.dmm.co.jp/av/content/?id=65tpd00026,https://al.fanza.co.jp/?lurl=https%3A%2F%2Fvideo.dmm.co.jp%2Fav%2Fcontent%2F%3Fid%3D65tpd00026&af_id=okd0405-990&ch=api,,,,素人 / 企画 / 巨乳
104bodd00007,104bodd00007,digital,videoa,ブラジリアン！黄金伝説。 ～スカトロ・フィストファッキング3～,2009-05-14 10:00:07,https://video.dmm.co.jp/av/content/?id=104bodd00007,https://al.fanza.co.jp/?lurl=https%3A%2F%2Fvideo.dmm.co.jp%2Fav%2Fcontent%2F%3Fid%3D104bodd00007&af_id=okd0405-990&ch=api,,,,脱糞 / 食糞 / 洋ピン・海外輸入 / レズビアン / フィスト / スカトロ
57mc00640,57mc00640,digital,videoa,新・義母の寝室 艶蔵版,2009-05-14 10:00:06,https://video.dmm.co.jp/av/content/?id=57mc00640,https://al.fanza.co.jp/?lurl=https%3A%2F%2Fvideo.dmm.co.jp%2Fav%2Fcontent%2F%3Fid%3D57mc00640&af_id=okd0405-990&ch=api,,,,人妻・主婦 / 騎乗位 / 近親相姦
67pa905,67pa905,digital,videoa,四十路（よそじ）第5章,2009-05-14 10:00:05,https://video.dmm.co.jp/av/content/?id=67pa905,https://al.fanza.co.jp/?lurl=https%3A%2F%2Fvideo.dmm.co.jp%2Fav%2Fcontent%2F%3Fid%3D67pa905&af_id=okd0405-990&ch=api,,,,熟女 / 縛り・緊縛 / 単体作品
2btd00018,2btd00018,digital,videoa,ドリームシャワー No.18 里美由梨香,2009-05-14 10:00:04,https://video.dmm.co.jp/av/content/?id=2btd00018,https://al.fanza.co.jp/?lurl=https%3A%2F%2Fvideo.dmm.co.jp%2Fav%2Fcontent%2F%3Fid%3D2btd00018&af_id=okd0405-990&ch=api,,,,女優ベスト・総集編 / パイズリ / ぶっかけ / 顔射 / 巨乳 / 乱交 / 単体作品
52fe00190,52fe00190,digital,videoa,若妻どれい 8 栗田もも,2009-05-14 10:00:03,https://video.dmm.co.jp/av/content/?id=52fe00190,https://al.fanza.co.jp/?lurl=https%3A%2F%2Fvideo.dmm.co.jp%2Fav%2Fcontent%2F%3Fid%3D52fe00190&af_id=okd0405-990&ch=api,,,,フェラ / 騎乗位 / 3P・4P / 若妻・幼妻 / 単体作品
434gasu011,434gasu011,digital,videoa,Hip Loose Girls,2009-05-14 10:00:01,https://video.dmm.co.jp/av/content/?id=434gasu011,https://al.fanza.co.jp/?lurl=https%3A%2F%2Fvideo.dmm.co.jp%2Fav%2Fcontent%2F%3Fid%3D434gasu011&af_id=okd0405-990&ch=api,,,,尻フェチ / ルーズソックス / ミニスカ / フェラ / ローター
twjx001,twjx001,digital,videoa,残酷すぎて発禁になったレ●プ全て見せます！,2009-05-14 10:00:00,https://video.dmm.co.jp/av/content/?id=twjx001,https://al.fanza.co.jp/?lurl=https%3A%2F%2Fvideo.dmm.co.jp%2Fav%2Fcontent%2F%3Fid%3Dtwjx001&af_id=okd0405-990&ch=api,,,,インディーズ / 鬼畜
ars00011,ars00011,digital,videoa,SEX of DESTINY 佳山三花,2009-05-13 10:00:50,https://video.dmm.co.jp/av/content/?id=ars00011,https://al.fanza.co.jp/?lurl=https%3A%2F%2Fvideo.dmm.co.jp%2Fav%2Fcontent%2F%3Fid%3Dars00011&af_id=okd0405-990&ch=api,,,,制服 / 巨乳 / 騎乗位 / パイズリ / 指マン / 独占配信 / 単体作品
apaa00040,apaa00040,digital,videoa,スゴ～く！制服の似合う素敵な娘 ちさ,2009-05-13 10:00:49,https://video.dmm.co.jp/av/content/?id=apaa00040,https://al.fanza.co.jp/?lurl=https%3A%2F%2Fvideo.dmm.co.jp%2Fav%2Fcontent%2F%3Fid%3Dapaa00040&af_id=okd0405-990&ch=api,,,,制服 / 巨乳 / 手コキ / ハメ撮り / デジモ / 単体作品
ars00008,ars00008,digital,videoa,SUPER GIRL DEBUT 青空小夏,2009-05-13 10:00:47,https://video.dmm.co.jp/av/content/?id=ars00008,https://al.fanza.co.jp/?lurl=https%3A%2F%2Fvideo.dmm.co.jp%2Fav%2Fcontent%2F%3Fid%3Dars00008&af_id=okd0405-990&ch=api,,,,巨乳 / 騎乗位 / 潮吹き / パイズリ / デビュー作品 / 独占配信 / 単体作品
migd00238,migd00238,digital,videoa,ぶっかけオフィス！ごっくんレディ！ 杏堂なつ,2009-05-13 10:00:45,https://video.dmm.co.jp/av/content/?id=migd00238,https://al.fanza.co.jp/?lurl=https%3A%2F%2Fvideo.dmm.co.jp%2Fav%2Fcontent%2F%3Fid%3Dmigd00238&af_id=okd0405-990&ch=api,,,,OL / めがね / ぶっかけ / ごっくん / デジモ / 独占配信 / 単体作品
migd00241,migd00241,digital,videoa,初ぶっかけ 吉沢みなみ,2009-05-13 10:00:44,https://video.dmm.co.jp/av/content/?id=migd00241,https://al.fanza.co.jp/?lurl=https%3A%2F%2Fvideo.dmm.co.jp%2Fav%2Fcontent%2F%3Fid%3Dmigd00241&af_id=okd0405-990&ch=api,,,,ぶっかけ / 手コキ / 潮吹き / デジモ / 独占配信 / 単体作品
midd00498,midd00498,digital,videoa,魅惑のゴックン女教師 あのあるる,2009-05-13 10:00:43,https://video.dmm.co.jp/av/content/?id=midd00498,https://al.fanza.co.jp/?lurl=https%3A%2F%2Fvideo.dmm.co.jp%2Fav%2Fcontent%2F%3Fid%3Dmidd00498&af_id=okd0405-990&ch=api,,,,女教師 / 巨乳 / ごっくん / 3P・4P / デジモ / 独占配信 / 単体作品
83sma00406,83sma00406,digital,videoa,僕の優しいGカップ母乳ママ 今井優衣,2009-05-13 10:00:42,https://video.dmm.co.jp/av/content/?id=83sma00406,https://al.fanza.co.jp/?lurl=https%3A%2F%2Fvideo.dmm.co.jp%2Fav%2Fcontent%2F%3Fid%3D83sma00406&af_id=okd0405-990&ch=api,,,,単体作品 / 独占配信 / 母乳 / パイズリ / 騎乗位 / その他フェチ / 巨乳
ars00010,ars00010,digital,videoa,TEMPTATION 音羽レオン,2009-05-13 10:00:41,https://video.dmm.co.jp/av/content/?id=ars00010,https://al.fanza.co.jp/?lurl=https%3A%2F%2Fvideo.dmm.co.jp%2Fav%2Fcontent%2F%3Fid%3Dars00010&af_id=okd0405-990&ch=api,,,,女教師 / 痴女 / 騎乗位 / 手コキ / 顔射 / 独占配信 / 単体作品
midd00499,midd00499,digital,videoa,淫らな美尻 KYOKO,2009-05-13 10:00:40,https://video.dmm.co.jp/av/content/?id=midd00499,https://al.fanza.co.jp/?lurl=https%3A%2F%2Fvideo.dmm.co.jp%2Fav%2Fcontent%2F%3Fid%3Dmidd00499&af_id=okd0405-990&ch=api,,,,尻フェチ / 騎乗位 / 3P・4P / デジモ / 独占配信 / 単体作品
migd00240,migd00240,digital,videoa,真性中出し 岬リサ,2009-05-13 10:00:39,https://video.dmm.co.jp/av/content/?id=migd00240,https://al.fanza.co.jp/?lurl=https%3A%2F%2Fvideo.dmm.co.jp%2Fav%2Fcontent%2F%3Fid%3Dmigd00240&af_id=okd0405-990&ch=api,,,,スレンダー / 騎乗位 / 中出し / 3P・4P / デジモ / 独占配信 / 単体作品
midd00497,midd00497,digital,videoa,超絶品ボディ 春咲あずみ,2009-05-13 10:00:38,https://video.dmm.co.jp/av/content/?id=midd00497,https://al.fanza.co.jp/?lurl=https%3A%2F%2Fvideo.dmm.co.jp%2Fav%2Fcontent%2F%3Fid%3Dmidd00497&af_id=okd0405-990&ch=api,,,,単体作品 / 独占配信 / 巨乳 / 騎乗位 / 3P・4P / ローション・オイル / デジモ
hjmo00144,hjmo00144,digital,videoa,素人おっぱいコピー。2009,2009-05-13 10:00:37,https://video.dmm.co.jp/av/content/?id=hjmo00144,https://al.fanza.co.jp/?lurl=https%3A%2F%2Fvideo.dmm.co.jp%2Fav%2Fcontent%2F%3Fid%3Dhjmo00144&af_id=okd0405-990&ch=api,,,,独占配信 / 企画 / 素人 / 騎乗位 / デジモ
ebod00071,ebod00071,digital,videoa,E-BODY Rina,2009-05-13 10:00:35,https://video.dmm.co.jp/av/content/?id=ebod00071,https://al.fanza.co.jp/?lurl=https%3A%2F%2Fvideo.dmm.co.jp%2Fav%2Fcontent%2F%3Fid%3Debod00071&af_id=okd0405-990&ch=api,,,,独占配信 / 騎乗位 / 潮吹き / 指マン
mukd00081,mukd00081,digital,videoa,めぐ,2009-05-13 10:00:34,https://video.dmm.co.jp/av/content/?id=mukd00081,https://al.fanza.co.jp/?lurl=https%3A%2F%2Fvideo.dmm.co.jp%2Fav%2Fcontent%2F%3Fid%3Dmukd00081&af_id=okd0405-990&ch=api,,,,独占配信 / 顔射 / セーラー服 / 体操着・ブルマ
midd00501,midd00501,digital,videoa,淫唇×唾液×濃厚SEX 松嶋れいな,2009-05-13 10:00:33,https://video.dmm.co.jp/av/content/?id=midd00501,https://al.fanza.co.jp/?lurl=https%3A%2F%2Fvideo.dmm.co.jp%2Fav%2Fcontent%2F%3Fid%3Dmidd00501&af_id=okd0405-990&ch=api,,,,巨乳 / 手コキ / シックスナイン / 顔射 / デジモ / 独占配信 / 単体作品
hhk00019,hhk00019,digital,videoa,二重淫格 佐野史奈,2009-05-13 10:00:32,https://video.dmm.co.jp/av/content/?id=hhk00019,https://al.fanza.co.jp/?lurl=https%3A%2F%2Fvideo.dmm.co.jp%2Fav%2Fcontent%2F%3Fid%3Dhhk00019&af_id=okd0405-990&ch=api,,,,独占配信 / 単体作品 / 騎乗位 / 顔射
mukd00078,mukd00078,digital,videoa,まどかとあづさ,2009-05-13 10:00:31,https://video.dmm.co.jp/av/content/?id=mukd00078,https://al.fanza.co.jp/?lurl=https%3A%2F%2Fvideo.dmm.co.jp%2Fav%2Fcontent%2F%3Fid%3Dmukd00078&af_id=okd0405-990&ch=api,,,,独占配信 / 体操着・ブルマ / セーラー服 / レズビアン / 3P・4P / 顔射
erh00031,erh00031,digital,videoa,現役女子大生SEX白書 CAMPUS GIRL COLLECTION 04,2009-05-13 10:00:30,https://video.dmm.co.jp/av/content/?id=erh00031,https://al.fanza.co.jp/?lurl=https%3A%2F%2Fvideo.dmm.co.jp%2Fav%2Fcontent%2F%3Fid%3Derh00031&af_id=okd0405-990&ch=api,,,,独占配信 / 女子大生 / スレンダー / 騎乗位 / 3P・4P
erh00033,erh00033,digital,videoa,夫に内緒でヤラせる若妻 性態記録 佳奈さんの場合,2009-05-13 10:00:29,https://video.dmm.co.jp/av/content/?id=erh00033,https://al.fanza.co.jp/?lurl=https%3A%2F%2Fvideo.dmm.co.jp%2Fav%2Fcontent%2F%3Fid%3Derh00033&af_id=okd0405-990&ch=api,,,,独占配信 / 若妻・幼妻 / 人妻・主婦 / 騎乗位 / パイズリ / 顔射
krmv00668,krmv00668,digital,videoa,もしも…こ～んな巨乳だらけの混浴露天風呂があったら？ 巨乳ハーレム温泉へようこそ！,2009-05-13 10:00:28,https://video.dmm.co.jp/av/content/?id=krmv00668,https://al.fanza.co.jp/?lurl=https%3A%2F%2Fvideo.dmm.co.jp%2Fav%2Fcontent%2F%3Fid%3Dkrmv00668&af_id=okd0405-990&ch=api,,,,巨乳 / 乱交 / 企画 / 巨乳フェチ / 独占配信
hjmo00146,hjmo00146,digital,videoa,デート中のカップルの彼氏がいない間に彼女をナンパ！,2009-05-13 10:00:27,https://video.dmm.co.jp/av/content/?id=hjmo00146,https://al.fanza.co.jp/?lurl=https%3A%2F%2Fvideo.dmm.co.jp%2Fav%2Fcontent%2F%3Fid%3Dhjmo00146&af_id=okd0405-990&ch=api,,,,独占配信 / デジモ / 企画 / 素人 / 指マン
hhk00022,hhk00022,digital,videoa,新人介護士のフシダラな淫行 椿エリ,2009-05-13 10:00:26,https://video.dmm.co.jp/av/content/?id=hhk00022,https://al.fanza.co.jp/?lurl=https%3A%2F%2Fvideo.dmm.co.jp%2Fav%2Fcontent%2F%3Fid%3Dhhk00022&af_id=okd0405-990&ch=api,,,,単体作品 / 独占配信 / 職業色々 / シックスナイン / 3P・4P
mibd00400,mibd00400,digital,videoa,秋川ルイBEST8時間,2009-05-13 10:00:25,https://video.dmm.co.jp/av/content/?id=mibd00400,https://al.fanza.co.jp/?lurl=https%3A%2F%2Fvideo.dmm.co.jp%2Fav%2Fcontent%2F%3Fid%3Dmibd00400&af_id=okd0405-990&ch=api,,,,巨乳 / パイズリ / デジモ / 独占配信 / 単体作品 / 女優ベスト・総集編
hhk00024,hhk00024,digital,videoa,暴欲の衝撃 黒木真夕,2009-05-13 10:00:24,https://video.dmm.co.jp/av/content/?id=hhk00024,https://al.fanza.co.jp/?lurl=https%3A%2F%2Fvideo.dmm.co.jp%2Fav%2Fcontent%2F%3Fid%3Dhhk00024&af_id=okd0405-990&ch=api,,,,単体作品 / 独占配信 / 淫乱・ハード系 / 騎乗位 / 潮吹き / 3P・4P
mukd00077,mukd00077,digital,videoa,くらら,2009-05-13 10:00:23,https://video.dmm.co.jp/av/content/?id=mukd00077,https://al.fanza.co.jp/?lurl=https%3A%2F%2Fvideo.dmm.co.jp%2Fav%2Fcontent%2F%3Fid%3Dmukd00077&af_id=okd0405-990&ch=api,,,,独占配信 / セーラー服 / 騎乗位 / 顔射
ebod00072,ebod00072,digital,videoa,E-BODY 本田ゆかり,2009-05-13 10:00:21,https://video.dmm.co.jp/av/content/?id=ebod00072,https://al.fanza.co.jp/?lurl=https%3A%2F%2Fvideo.dmm.co.jp%2Fav%2Fcontent%2F%3Fid%3Debod00072&af_id=okd0405-990&ch=api,,,,単体作品 / 独占配信 / 巨乳 / 騎乗位 / 潮吹き / パイズリ / 指マン
83sma00404,83sma00404,digital,videoa,女教師集団中出し痴●バス 高坂保奈美,2009-05-13 10:00:20,https://video.dmm.co.jp/av/content/?id=83sma00404,https://al.fanza.co.jp/?lurl=https%3A%2F%2Fvideo.dmm.co.jp%2Fav%2Fcontent%2F%3Fid%3D83sma00404&af_id=okd0405-990&ch=api,,,,単体作品 / 独占配信 / 潮吹き / 中出し / 女教師
mukd00079,mukd00079,digital,videoa,ひかり,2009-05-13 10:00:19,https://video.dmm.co.jp/av/content/?id=mukd00079,https://al.fanza.co.jp/?lurl=https%3A%2F%2Fvideo.dmm.co.jp%2Fav%2Fcontent%2F%3Fid%3Dmukd00079&af_id=okd0405-990&ch=api,,,,独占配信 / 騎乗位 / バニーガール / 制服
mibd00396,mibd00396,digital,videoa,MOODYZ懐かしの名女優コレクション Vol.4 小泉キラリ,2009-05-13 10:00:18,https://video.dmm.co.jp/av/content/?id=mibd00396,https://al.fanza.co.jp/?lurl=https%3A%2F%2Fvideo.dmm.co.jp%2Fav%2Fcontent%2F%3Fid%3Dmibd00396&af_id=okd0405-990&ch=api,,,,騎乗位 / 3P・4P / デジモ / 独占配信 / 単体作品 / 女優ベスト・総集編
hhk00018,hhk00018,digital,videoa,淫れる私をとめて下さい 柳井瞳,2009-05-13 10:00:16,https://video.dmm.co.jp/av/content/?id=hhk00018,https://al.fanza.co.jp/?lurl=https%3A%2F%2Fvideo.dmm.co.jp%2Fav%2Fcontent%2F%3Fid%3Dhhk00018&af_id=okd0405-990&ch=api,,,,独占配信 / クンニ / 単体作品 / 騎乗位
mdyd00450,mdyd00450,digital,videoa,義母奴● 広瀬ゆかり,2009-05-13 10:00:15,https://video.dmm.co.jp/av/content/?id=mdyd00450,https://al.fanza.co.jp/?lurl=https%3A%2F%2Fvideo.dmm.co.jp%2Fav%2Fcontent%2F%3Fid%3Dmdyd00450&af_id=okd0405-990&ch=api,,,,単体作品 / 独占配信 / 辱め / 義母 / 3P・4P / デジモ
mbyd00061,mbyd00061,digital,videoa,白石さゆり全集4時間,2009-05-13 10:00:14,https://video.dmm.co.jp/av/content/?id=mbyd00061,https://al.fanza.co.jp/?lurl=https%3A%2F%2Fvideo.dmm.co.jp%2Fav%2Fcontent%2F%3Fid%3Dmbyd00061&af_id=okd0405-990&ch=api,,,,熟女 / 騎乗位 / 3P・4P / デジモ / 独占配信 / 単体作品 / 女優ベスト・総集編
83sma00409,83sma00409,digital,videoa,揉みまくり美乳Hカップ 牧野くるみ,2009-05-13 10:00:13,https://video.dmm.co.jp/av/content/?id=83sma00409,https://al.fanza.co.jp/?lurl=https%3A%2F%2Fvideo.dmm.co.jp%2Fav%2Fcontent%2F%3Fid%3D83sma00409&af_id=okd0405-990&ch=api,,,,単体作品 / 独占配信 / 縛り・緊縛 / パイズリ / ミニ系 / 巨乳 / 美乳
83sma00408,83sma00408,digital,videoa,キモ男に犯●れる教育ママゴン 中森玲子,2009-05-13 10:00:12,https://video.dmm.co.jp/av/content/?id=83sma00408,https://al.fanza.co.jp/?lurl=https%3A%2F%2Fvideo.dmm.co.jp%2Fav%2Fcontent%2F%3Fid%3D83sma00408&af_id=okd0405-990&ch=api,,,,単体作品 / 独占配信 / 中出し / 巨乳 / 辱め
mukd00080,mukd00080,digital,videoa,さえ,2009-05-13 10:00:11,https://video.dmm.co.jp/av/content/?id=mukd00080,https://al.fanza.co.jp/?lurl=https%3A%2F%2Fvideo.dmm.co.jp%2Fav%2Fcontent%2F%3Fid%3Dmukd00080&af_id=okd0405-990&ch=api,,,,独占配信 / 騎乗位 / 体操着・ブルマ / 制服
mucd00009,mucd00009,digital,videoa,純粋無垢な美少女の甘い汗の香り タイソウフク二十一連発四時間,2009-05-13 10:00:10,https://video.dmm.co.jp/av/content/?id=mucd00009,https://al.fanza.co.jp/?lurl=https%3A%2F%2Fvideo.dmm.co.jp%2Fav%2Fcontent%2F%3Fid%3Dmucd00009&af_id=okd0405-990&ch=api,,,,美少女 / 体操着・ブルマ / 騎乗位 / 独占配信
midd00502,midd00502,digital,videoa,素人男性に調教された人気AV女優 椎名ルイ,2009-05-13 10:00:09,https://video.dmm.co.jp/av/content/?id=midd00502,https://al.fanza.co.jp/?lurl=https%3A%2F%2Fvideo.dmm.co.jp%2Fav%2Fcontent%2F%3Fid%3Dmidd00502&af_id=okd0405-990&ch=api,,,,騎乗位 / 3P・4P / デジモ / 独占配信 / 単体作品
midd00495,midd00495,digital,videoa,MOODYZ SEX SPECIAL 小峰ひなた,2009-05-13 10:00:08,https://video.dmm.co.jp/av/content/?id=midd00495,https://al.fanza.co.jp/?lurl=https%3A%2F%2Fvideo.dmm.co.jp%2Fav%2Fcontent%2F%3Fid%3Dmidd00495&af_id=okd0405-990&ch=api,,,,単体作品 / 独占配信 / 巨乳 / 潮吹き / パイズリ / 3P・4P / デジモ
mdyd00452,mdyd00452,digital,videoa,女上司 ゆみ 風間ゆみ,2009-05-13 10:00:07,https://video.dmm.co.jp/av/content/?id=mdyd00452,https://al.fanza.co.jp/?lurl=https%3A%2F%2Fvideo.dmm.co.jp%2Fav%2Fcontent%2F%3Fid%3Dmdyd00452&af_id=okd0405-990&ch=api,,,,単体作品 / 独占配信 / 辱め / 熟女 / 巨乳 / めがね / デジモ
mdyd00451,mdyd00451,digital,videoa,お掃除おばさん 翔田千里,2009-05-13 10:00:06,https://video.dmm.co.jp/av/content/?id=mdyd00451,https://al.fanza.co.jp/?lurl=https%3A%2F%2Fvideo.dmm.co.jp%2Fav%2Fcontent%2F%3Fid%3Dmdyd00451&af_id=okd0405-990&ch=api,,,,単体作品 / 独占配信 / 熟女 / 職業色々 / 3P・4P / デジモ
erh00030,erh00030,digital,videoa,現役女子大生SEX白書 CAMPUS GIRL COLLECTION 03,2009-05-13 10:00:05,https://video.dmm.co.jp/av/content/?id=erh00030,https://al.fanza.co.jp/?lurl=https%3A%2F%2Fvideo.dmm.co.jp%2Fav%2Fcontent%2F%3Fid%3Derh00030&af_id=okd0405-990&ch=api,,,,独占配信 / 美乳 / 女子大生 / 騎乗位 / 3P・4P
83sma00407,83sma00407,digital,videoa,美脚×ローライズ短パン×露出デート 石川みずき,2009-05-13 10:00:03,https://video.dmm.co.jp/av/content/?id=83sma00407,https://al.fanza.co.jp/?lurl=https%3A%2F%2Fvideo.dmm.co.jp%2Fav%2Fcontent%2F%3Fid%3D83sma00407&af_id=okd0405-990&ch=api,,,,単体作品 / 独占配信 / 騎乗位 / 野外・露出 / 脚フェチ / 拘束
hhk00023,hhk00023,digital,videoa,素顔のままで 妃すみれ,2009-05-13 10:00:02,https://video.dmm.co.jp/av/content/?id=hhk00023,https://al.fanza.co.jp/?lurl=https%3A%2F%2Fvideo.dmm.co.jp%2Fav%2Fcontent%2F%3Fid%3Dhhk00023&af_id=okd0405-990&ch=api,,,,単体作品 / 独占配信 / 拘束 / 騎乗位 / 3P・4P / 顔射
hhk00021,hhk00021,digital,videoa,兄貴の彼女 宇野伊織,2009-05-13 10:00:01,https://video.dmm.co.jp/av/content/?id=hhk00021,https://al.fanza.co.jp/?lurl=https%3A%2F%2Fvideo.dmm.co.jp%2Fav%2Fcontent%2F%3Fid%3Dhhk00021&af_id=okd0405-990&ch=api,,,,独占配信 / 単体作品 / ドラマ / 3P・4P
pwex001,pwex001,digital,videoa,女子校生過激FUCK映像集,2009-05-13 10:00:00,https://video.dmm.co.jp/av/content/?id=pwex001,https://al.fanza.co.jp/?lurl=https%3A%2F%2Fvideo.dmm.co.jp%2Fav%2Fcontent%2F%3Fid%3Dpwex001&af_id=okd0405-990&ch=api,,,,インディーズ / 騎乗位 / 女子校生 / 制服
migd00239,migd00239,digital,videoa,初パイパン 彩月あかり,2009-05-13 10:00:00,https://video.dmm.co.jp/av/content/?id=migd00239,https://al.fanza.co.jp/?lurl=https%3A%2F%2Fvideo.dmm.co.jp%2Fav%2Fcontent%2F%3Fid%3Dmigd00239&af_id=okd0405-990&ch=api,,,,レオタード / パイパン / 3P・4P / 指マン / デジモ / 独占配信 / 単体作品
midd00500,midd00500,digital,videoa,艶女医 小澤マリア,2009-05-13 10:00:00,https://video.dmm.co.jp/av/content/?id=midd00500,https://al.fanza.co.jp/?lurl=https%3A%2F%2Fvideo.dmm.co.jp%2Fav%2Fcontent%2F%3Fid%3Dmidd00500&af_id=okd0405-990&ch=api,,,,拘束 / 女医 / パイズリ / 顔射 / デジモ / 独占配信 / 単体作品
mibd00399,mibd00399,digital,videoa,もっと私におしっこ頂戴！！飲尿・浴尿BEST4時間,2009-05-13 10:00:00,https://video.dmm.co.jp/av/content/?id=mibd00399,https://al.fanza.co.jp/?lurl=https%3A%2F%2Fvideo.dmm.co.jp%2Fav%2Fcontent%2F%3Fid%3Dmibd00399&af_id=okd0405-990&ch=api,,,,独占配信 / その他フェチ / 飲尿 / ベスト・総集編 / デジモ
mibd00397,mibd00397,digital,videoa,吹き上がる潮の宴！！絶頂潮吹き大乱交ベスト4時間,2009-05-13 10:00:00,https://video.dmm.co.jp/av/content/?id=mibd00397,https://al.fanza.co.jp/?lurl=https%3A%2F%2Fvideo.dmm.co.jp%2Fav%2Fcontent%2F%3Fid%3Dmibd00397&af_id=okd0405-990&ch=api,,,,乱交 / 潮吹き / ベスト・総集編 / デジモ / 独占配信
mdyd00454,mdyd00454,digital,videoa,奥様妄想劇場 村上涼子,2009-05-13 10:00:00,https://video.dmm.co.jp/av/content/?id=mdyd00454,https://al.fanza.co.jp/?lurl=https%3A%2F%2Fvideo.dmm.co.jp%2Fav%2Fcontent%2F%3Fid%3Dmdyd00454&af_id=okd0405-990&ch=api,,,,単体作品 / 独占配信 / 辱め / 人妻・主婦 / 巨乳 / 妄想 / デジモ
mdyd00453,mdyd00453,digital,videoa,美熟女が拘束され加藤鷹にイカサレまくるビデオ！ 吉岡奈々子,2009-05-13 10:00:00,https://video.dmm.co.jp/av/content/?id=mdyd00453,https://al.fanza.co.jp/?lurl=https%3A%2F%2Fvideo.dmm.co.jp%2Fav%2Fcontent%2F%3Fid%3Dmdyd00453&af_id=okd0405-990&ch=api,,,,単体作品 / 独占配信 / 拘束 / 熟女 / 指マン / デジモ
mbyd00062,mbyd00062,digital,videoa,匂い立つ日常のエロス美熟女30人8時間,2009-05-13 10:00:00,https://video.dmm.co.jp/av/content/?id=mbyd00062,https://al.fanza.co.jp/?lurl=https%3A%2F%2Fvideo.dmm.co.jp%2Fav%2Fcontent%2F%3Fid%3Dmbyd00062&af_id=okd0405-990&ch=api,,,,独占配信 / 熟女 / その他フェチ / ベスト・総集編 / デジモ
krmv00682,krmv00682,digital,videoa,○○医大病院 泌尿器科医師ハメ撮り・盗撮 人妻たちの屈辱的セクハラ放尿診療,2009-05-13 10:00:00,https://video.dmm.co.jp/av/content/?id=krmv00682,https://al.fanza.co.jp/?lurl=https%3A%2F%2Fvideo.dmm.co.jp%2Fav%2Fcontent%2F%3Fid%3Dkrmv00682&af_id=okd0405-990&ch=api,,,,人妻・主婦 / 盗撮・のぞき / 放尿・お漏らし / ハメ撮り / 独占配信
krmv00681,krmv00681,digital,videoa,都内某ネットカフェチェーン店店長盗撮 ネットカフェで密かに淫らなオナニーする女たち16人,2009-05-13 10:00:00,https://video.dmm.co.jp/av/content/?id=krmv00681,https://al.fanza.co.jp/?lurl=https%3A%2F%2Fvideo.dmm.co.jp%2Fav%2Fcontent%2F%3Fid%3Dkrmv00681&af_id=okd0405-990&ch=api,,,,ギャル / 盗撮・のぞき / オナニー / 独占配信
krmv00680,krmv00680,digital,videoa,学校指定店フィッティングルーム盗撮 中○生はじめてのブラジャー試着 「あっ、あの…。そんなに胸を…。」,2009-05-13 10:00:00,https://video.dmm.co.jp/av/content/?id=krmv00680,https://al.fanza.co.jp/?lurl=https%3A%2F%2Fvideo.dmm.co.jp%2Fav%2Fcontent%2F%3Fid%3Dkrmv00680&af_id=okd0405-990&ch=api,,,,制服 / ランジェリー / 盗撮・のぞき / 独占配信
krmv00679,krmv00679,digital,videoa,衝撃流出！現役化学教師による連続昏●レ●プ,2009-05-13 10:00:00,https://video.dmm.co.jp/av/content/?id=krmv00679,https://al.fanza.co.jp/?lurl=https%3A%2F%2Fvideo.dmm.co.jp%2Fav%2Fcontent%2F%3Fid%3Dkrmv00679&af_id=okd0405-990&ch=api,,,,制服 / 盗撮・のぞき / 独占配信
krmv00678,krmv00678,digital,videoa,名門進学校F ある教師による校内トイレ盗撮 学校内のトイレで性欲を満たす女子校生たち,2009-05-13 10:00:00,https://video.dmm.co.jp/av/content/?id=krmv00678,https://al.fanza.co.jp/?lurl=https%3A%2F%2Fvideo.dmm.co.jp%2Fav%2Fcontent%2F%3Fid%3Dkrmv00678&af_id=okd0405-990&ch=api,,,,制服 / 女子校生 / 盗撮・のぞき / オナニー / 独占配信
krmv00677,krmv00677,digital,videoa,街行くキレイなお姉さん！カメラの前でちょっとHな豊乳オイルマッサージ受けて下さい！揉みしばかれる素人おっぱい美人たち,2009-05-13 10:00:00,https://video.dmm.co.jp/av/content/?id=krmv00677,https://al.fanza.co.jp/?lurl=https%3A%2F%2Fvideo.dmm.co.jp%2Fav%2Fcontent%2F%3Fid%3Dkrmv00677&af_id=okd0405-990&ch=api,,,,お姉さん / 巨乳 / 企画 / 素人 / 独占配信 / マッサージ・リフレ
krmv00676,krmv00676,digital,videoa,有名コンビニエンスストア店長盗撮流出 店長と万引きGメンに折●される女子校生たち,2009-05-13 10:00:00,https://video.dmm.co.jp/av/content/?id=krmv00676,https://al.fanza.co.jp/?lurl=https%3A%2F%2Fvideo.dmm.co.jp%2Fav%2Fcontent%2F%3Fid%3Dkrmv00676&af_id=okd0405-990&ch=api,,,,制服 / 女子校生 / 盗撮・のぞき / 独占配信
krmv00675,krmv00675,digital,videoa,わいせつ産婦人科盗撮 治療と称して陰部に媚薬を擦りこまれ…女子校生の我慢できない悶々オナニー,2009-05-13 10:00:00,https://video.dmm.co.jp/av/content/?id=krmv00675,https://al.fanza.co.jp/?lurl=https%3A%2F%2Fvideo.dmm.co.jp%2Fav%2Fcontent%2F%3Fid%3Dkrmv00675&af_id=okd0405-990&ch=api,,,,制服 / 女子校生 / 盗撮・のぞき / オナニー / 独占配信
krmv00674,krmv00674,digital,videoa,有名居酒屋 「W」 トイレ内泥●女レ●プ 酔っ払って身動きできない女性客を●す,2009-05-13 10:00:00,https://video.dmm.co.jp/av/content/?id=krmv00674,https://al.fanza.co.jp/?lurl=https%3A%2F%2Fvideo.dmm.co.jp%2Fav%2Fcontent%2F%3Fid%3Dkrmv00674&af_id=okd0405-990&ch=api,,,,ギャル / 盗撮・のぞき / 投稿 / 独占配信
krmv00673,krmv00673,digital,videoa,Tメトロ C線 駅長投稿流出 軽～い気持ちでキセル・不正乗車してしまった「2人組み」の女子校生に強●中出し折●,2009-05-13 10:00:00,https://video.dmm.co.jp/av/content/?id=krmv00673,https://al.fanza.co.jp/?lurl=https%3A%2F%2Fvideo.dmm.co.jp%2Fav%2Fcontent%2F%3Fid%3Dkrmv00673&af_id=okd0405-990&ch=api,,,,女子校生 / 盗撮・のぞき / 中出し / 投稿 / 独占配信
krmv00672,krmv00672,digital,videoa,有名モデルプロダクション「O」流出 グラビアアイドル希望の小生意気な女子校生に おしおきわいせつマッサージ,2009-05-13 10:00:00,https://video.dmm.co.jp/av/content/?id=krmv00672,https://al.fanza.co.jp/?lurl=https%3A%2F%2Fvideo.dmm.co.jp%2Fav%2Fcontent%2F%3Fid%3Dkrmv00672&af_id=okd0405-990&ch=api,,,,制服 / 女子校生 / 水着 / 盗撮・のぞき / 独占配信 / マッサージ・リフレ
krmv00671,krmv00671,digital,videoa,名門野球部「P」学園 美人マネージャーを集団で犯した映像,2009-05-13 10:00:00,https://video.dmm.co.jp/av/content/?id=krmv00671,https://al.fanza.co.jp/?lurl=https%3A%2F%2Fvideo.dmm.co.jp%2Fav%2Fcontent%2F%3Fid%3Dkrmv00671&af_id=okd0405-990&ch=api,,,,制服 / 盗撮・のぞき / 独占配信
krmv00670,krmv00670,digital,videoa,治療と称して通院している人妻にアナル調教を施す悪徳肛門科医盗撮 ○○病院 肛門科わいせつ検診,2009-05-13 10:00:00,https://video.dmm.co.jp/av/content/?id=krmv00670,https://al.fanza.co.jp/?lurl=https%3A%2F%2Fvideo.dmm.co.jp%2Fav%2Fcontent%2F%3Fid%3Dkrmv00670&af_id=okd0405-990&ch=api,,,,人妻・主婦 / 盗撮・のぞき / 独占配信 / アナルセックス
krmv00669,krmv00669,digital,videoa,「無料エステ券」に釣られてやって来た欲求不満な人妻にどうしようもなくなっちゃうマッサージを施してハメまくる猥褻エスティシャンの記録,2009-05-13 10:00:00,https://video.dmm.co.jp/av/content/?id=krmv00669,https://al.fanza.co.jp/?lurl=https%3A%2F%2Fvideo.dmm.co.jp%2Fav%2Fcontent%2F%3Fid%3Dkrmv00669&af_id=okd0405-990&ch=api,,,,人妻・主婦 / 盗撮・のぞき / 中出し / エステ / 独占配信 / マッサージ・リフレ
krmv00667,krmv00667,digital,videoa,フェラチオ・口淫の全記録 撮り下ろし8時間スペシャルREC,2009-05-13 10:00:00,https://video.dmm.co.jp/av/content/?id=krmv00667,https://al.fanza.co.jp/?lurl=https%3A%2F%2Fvideo.dmm.co.jp%2Fav%2Fcontent%2F%3Fid%3Dkrmv00667&af_id=okd0405-990&ch=api,,,,その他フェチ / フェラ / 独占配信
krbv00087,krbv00087,digital,videoa,人妻レ●プBEST,2009-05-13 10:00:00,https://video.dmm.co.jp/av/content/?id=krbv00087,https://al.fanza.co.jp/?lurl=https%3A%2F%2Fvideo.dmm.co.jp%2Fav%2Fcontent%2F%3Fid%3Dkrbv00087&af_id=okd0405-990&ch=api,,,,辱め / 人妻・主婦 / ベスト・総集編 / 独占配信
krbv00086,krbv00086,digital,videoa,KARMA的 女子校生BEST,2009-05-13 10:00:00,https://video.dmm.co.jp/av/content/?id=krbv00086,https://al.fanza.co.jp/?lurl=https%3A%2F%2Fvideo.dmm.co.jp%2Fav%2Fcontent%2F%3Fid%3Dkrbv00086&af_id=okd0405-990&ch=api,,,,制服 / 女子校生 / ベスト・総集編 / 独占配信
hjbb00032,hjbb00032,digital,videoa,超カワイイ素人娘達が勇気を出して初めてのAV出演しちゃった ドキドキ初脱ぎ＆初SEX4時間スペシャル！！,2009-05-13 10:00:00,https://video.dmm.co.jp/av/content/?id=hjbb00032,https://al.fanza.co.jp/?lurl=https%3A%2F%2Fvideo.dmm.co.jp%2Fav%2Fcontent%2F%3Fid%3Dhjbb00032&af_id=okd0405-990&ch=api,,,,独占配信 / 素人 / 騎乗位 / ベスト・総集編 / デジモ
hhk00020,hhk00020,digital,videoa,大胆な欲求 末永あい,2009-05-13 10:00:00,https://video.dmm.co.jp/av/content/?id=hhk00020,https://al.fanza.co.jp/?lurl=https%3A%2F%2Fvideo.dmm.co.jp%2Fav%2Fcontent%2F%3Fid%3Dhhk00020&af_id=okd0405-990&ch=api,,,,独占配信 / 単体作品 / 騎乗位 / 3P・4P
hhk00017,hhk00017,digital,videoa,挑発裸体 優木奈美,2009-05-13 10:00:00,https://video.dmm.co.jp/av/content/?id=hhk00017,https://al.fanza.co.jp/?lurl=https%3A%2F%2Fvideo.dmm.co.jp%2Fav%2Fcontent%2F%3Fid%3Dhhk00017&af_id=okd0405-990&ch=api,,,,独占配信 / 単体作品 / 騎乗位 / 3P・4P / 顔射
h_066fax00199,h_066fax00199,digital,videoa,SEXの匂いがする男と女のエロ話し,2009-05-13 10:00:00,https://video.dmm.co.jp/av/content/?id=h_066fax00199,https://al.fanza.co.jp/?lurl=https%3A%2F%2Fvideo.dmm.co.jp%2Fav%2Fcontent%2F%3Fid%3Dh_066fax00199&af_id=okd0405-990&ch=api,,,,熟女 / 人妻・主婦 / SM / ドラマ / シックスナイン
h_066fax00198,h_066fax00198,digital,videoa,ゴムをはめないナマナマしいSEX 禁親相姦 義理の 母と息子/父と娘/嫁と弟/兄と妹,2009-05-13 10:00:00,https://video.dmm.co.jp/av/content/?id=h_066fax00198,https://al.fanza.co.jp/?lurl=https%3A%2F%2Fvideo.dmm.co.jp%2Fav%2Fcontent%2F%3Fid%3Dh_066fax00198&af_id=okd0405-990&ch=api,,,,クンニ / お母さん / 近親相姦 / 姉・妹 / ドラマ
h_066fax00197,h_066fax00197,digital,videoa,性欲 M女の我慢できない夜/未亡人のマスかきしまくり/18才の万引変態痴女,2009-05-13 10:00:00,https://video.dmm.co.jp/av/content/?id=h_066fax00197,https://al.fanza.co.jp/?lurl=https%3A%2F%2Fvideo.dmm.co.jp%2Fav%2Fcontent%2F%3Fid%3Dh_066fax00197&af_id=okd0405-990&ch=api,,,,女子校生 / 未亡人 / ドラマ / 複数話
erh00037,erh00037,digital,videoa,昼休みOLナンパ 003,2009-05-13 10:00:00,https://video.dmm.co.jp/av/content/?id=erh00037,https://al.fanza.co.jp/?lurl=https%3A%2F%2Fvideo.dmm.co.jp%2Fav%2Fcontent%2F%3Fid%3Derh00037&af_id=okd0405-990&ch=api,,,,独占配信 / OL / 巨乳 / ナンパ / 指マン
erh00036,erh00036,digital,videoa,REVOLUTION 03,2009-05-13 10:00:00,https://video.dmm.co.jp/av/content/?id=erh00036,https://al.fanza.co.jp/?lurl=https%3A%2F%2Fvideo.dmm.co.jp%2Fav%2Fcontent%2F%3Fid%3Derh00036&af_id=okd0405-990&ch=api,,,,独占配信 / ギャル / 騎乗位 / シックスナイン / 3P・4P
erh00034,erh00034,digital,videoa,援交@一期一会 03,2009-05-13 10:00:00,https://video.dmm.co.jp/av/content/?id=erh00034,https://al.fanza.co.jp/?lurl=https%3A%2F%2Fvideo.dmm.co.jp%2Fav%2Fcontent%2F%3Fid%3Derh00034&af_id=okd0405-990&ch=api,,,,独占配信 / セーラー服 / 騎乗位 / 指マン
erh00032,erh00032,digital,videoa,夫に内緒でヤラせる若妻 性態記録 涼子さんの場合,2009-05-13 10:00:00,https://video.dmm.co.jp/av/content/?id=erh00032,https://al.fanza.co.jp/?lurl=https%3A%2F%2Fvideo.dmm.co.jp%2Fav%2Fcontent%2F%3Fid%3Derh00032&af_id=okd0405-990&ch=api,,,,独占配信 / 若妻・幼妻 / 人妻・主婦 / 巨乳 / パイズリ / 顔射
ebod00073,ebod00073,digital,videoa,QP-BODY 沙月みちる,2009-05-13 10:00:00,https://video.dmm.co.jp/av/content/?id=ebod00073,https://al.fanza.co.jp/?lurl=https%3A%2F%2Fvideo.dmm.co.jp%2Fav%2Fcontent%2F%3Fid%3Debod00073&af_id=okd0405-990&ch=api,,,,単体作品 / 独占配信 / 巨乳 / ぽっちゃり / 騎乗位 / ハメ撮り
cbt00012,cbt00012,digital,videoa,ヌードアコンテスト3 ざっと500人,2009-05-13 10:00:00,https://video.dmm.co.jp/av/content/?id=cbt00012,https://al.fanza.co.jp/?lurl=https%3A%2F%2Fvideo.dmm.co.jp%2Fav%2Fcontent%2F%3Fid%3Dcbt00012&af_id=okd0405-990&ch=api,,,,独占配信 / 洋ピン・海外輸入 / 野外・露出 / 企画 / 白人女優
bsht00003,bsht00003,digital,videoa,美人妻を撮影した不倫現場投稿3,2009-05-13 10:00:00,https://video.dmm.co.jp/av/content/?id=bsht00003,https://al.fanza.co.jp/?lurl=https%3A%2F%2Fvideo.dmm.co.jp%2Fav%2Fcontent%2F%3Fid%3Dbsht00003&af_id=okd0405-990&ch=api,,,,投稿 / 騎乗位 / 不倫 / 人妻・主婦
bsht00002,bsht00002,digital,videoa,美人妻を撮影した不倫現場投稿2,2009-05-13 10:00:00,https://video.dmm.co.jp/av/content/?id=bsht00002,https://al.fanza.co.jp/?lurl=https%3A%2F%2Fvideo.dmm.co.jp%2Fav%2Fcontent%2F%3Fid%3Dbsht00002&af_id=okd0405-990&ch=api,,,,投稿 / 指マン / 騎乗位 / 不倫 / 人妻・主婦
bsht00001,bsht00001,digital,videoa,美人妻を撮影した不倫現場投稿1,2009-05-13 10:00:00,https://video.dmm.co.jp/av/content/?id=bsht00001,https://al.fanza.co.jp/?lurl=https%3A%2F%2Fvideo.dmm.co.jp%2Fav%2Fcontent%2F%3Fid%3Dbsht00001&af_id=okd0405-990&ch=api,,,,投稿 / 指マン / 騎乗位 / 不倫 / 人妻・主婦
aa465,aa465,digital,videoa,NEO出血大制服34,2009-05-13 10:00:00,https://video.dmm.co.jp/av/content/?id=aa465,https://al.fanza.co.jp/?lurl=https%3A%2F%2Fvideo.dmm.co.jp%2Fav%2Fcontent%2F%3Fid%3Daa465&af_id=okd0405-990&ch=api,,,,花嫁 / 単体作品 / コスプレ / 和服・浴衣 / その他フェチ
84rokad00191,84rokad00191,digital,videoa,中出しギャルベスト 4時間 2,2009-05-13 10:00:00,https://video.dmm.co.jp/av/content/?id=84rokad00191,https://al.fanza.co.jp/?lurl=https%3A%2F%2Fvideo.dmm.co.jp%2Fav%2Fcontent%2F%3Fid%3D84rokad00191&af_id=okd0405-990&ch=api,,,,中出し / ベスト・総集編 / ギャル
83sma00410,83sma00410,digital,videoa,淫乱熟女がフィストとアナルでイキまくる 末永くみ,2009-05-13 10:00:00,https://video.dmm.co.jp/av/content/?id=83sma00410,https://al.fanza.co.jp/?lurl=https%3A%2F%2Fvideo.dmm.co.jp%2Fav%2Fcontent%2F%3Fid%3D83sma00410&af_id=okd0405-990&ch=api,,,,単体作品 / 独占配信 / 3P・4P / アナル / 中出し / 熟女 / フィスト
83sbb00065,83sbb00065,digital,videoa,マルクス兄弟 人妻10thメモリアル80人,2009-05-13 10:00:00,https://video.dmm.co.jp/av/content/?id=83sbb00065,https://al.fanza.co.jp/?lurl=https%3A%2F%2Fvideo.dmm.co.jp%2Fav%2Fcontent%2F%3Fid%3D83sbb00065&af_id=okd0405-990&ch=api,,,,独占配信 / 騎乗位 / 巨乳 / 人妻・主婦 / 熟女
80vnre00005,80vnre00005,digital,videoa,Real Venus 森みお,2009-05-13 10:00:00,https://video.dmm.co.jp/av/content/?id=80vnre00005,https://al.fanza.co.jp/?lurl=https%3A%2F%2Fvideo.dmm.co.jp%2Fav%2Fcontent%2F%3Fid%3D80vnre00005&af_id=okd0405-990&ch=api,,,,イメージビデオ / 単体作品
33yjk00002,33yjk00002,digital,videoa,妖艶熟女の快楽淫語責め 西原志保,2009-05-13 10:00:00,https://video.dmm.co.jp/av/content/?id=33yjk00002,https://al.fanza.co.jp/?lurl=https%3A%2F%2Fvideo.dmm.co.jp%2Fav%2Fcontent%2F%3Fid%3D33yjk00002&af_id=okd0405-990&ch=api,,,,独占配信 / 単体作品 / 熟女 / 巨乳 / 騎乗位 / 淫語
33svs00016,33svs00016,digital,videoa,AVS的選りすぐりマニアック熟女2,2009-05-13 10:00:00,https://video.dmm.co.jp/av/content/?id=33svs00016,https://al.fanza.co.jp/?lurl=https%3A%2F%2Fvideo.dmm.co.jp%2Fav%2Fcontent%2F%3Fid%3D33svs00016&af_id=okd0405-990&ch=api,,,,独占配信 / 熟女 / パンスト・タイツ / 騎乗位 / 手コキ
33kog00007,33kog00007,digital,videoa,くねるエロボディと卑猥な中出しデート7 高原智美,2009-05-13 10:00:00,https://video.dmm.co.jp/av/content/?id=33kog00007,https://al.fanza.co.jp/?lurl=https%3A%2F%2Fvideo.dmm.co.jp%2Fav%2Fcontent%2F%3Fid%3D33kog00007&af_id=okd0405-990&ch=api,,,,独占配信 / 単体作品 / ローション・オイル / ギャル / パンスト・タイツ / レオタード / 中出し
33foe00001,33foe00001,digital,videoa,フェラチオが大好きな、おもらし恥女のエロSEX 園原りか,2009-05-13 10:00:00,https://video.dmm.co.jp/av/content/?id=33foe00001,https://al.fanza.co.jp/?lurl=https%3A%2F%2Fvideo.dmm.co.jp%2Fav%2Fcontent%2F%3Fid%3D33foe00001&af_id=okd0405-990&ch=api,,,,独占配信 / 単体作品 / イラマチオ / フェラ / 手コキ / 放尿・お漏らし / 潮吹き / 3P・4P
33dphn00103,33dphn00103,digital,videoa,非日常的悶絶遊戯 ファミレスウエイトレス、まゆかの場合,2009-05-13 10:00:00,https://video.dmm.co.jp/av/content/?id=33dphn00103,https://al.fanza.co.jp/?lurl=https%3A%2F%2Fvideo.dmm.co.jp%2Fav%2Fcontent%2F%3Fid%3D33dphn00103&af_id=okd0405-990&ch=api,,,,独占配信 / 単体作品 / 巨乳 / パンスト・タイツ / ウェイトレス / 指マン
49ekdv00039,49ekdv00039,digital,videoa,RI◆O H-cup Girl,2009-05-12 10:00:30,https://video.dmm.co.jp/av/content/?id=49ekdv00039,https://al.fanza.co.jp/?lurl=https%3A%2F%2Fvideo.dmm.co.jp%2Fav%2Fcontent%2F%3Fid%3D49ekdv00039&af_id=okd0405-990&ch=api,,,,単体作品 / 電マ / 巨乳 / 潮吹き / パイズリ
h_108mobnd00014,h_108mobnd00014,digital,videoa,女池さゆりの初めての真正中出し,2009-05-12 10:00:29,https://video.dmm.co.jp/av/content/?id=h_108mobnd00014,https://al.fanza.co.jp/?lurl=https%3A%2F%2Fvideo.dmm.co.jp%2Fav%2Fcontent%2F%3Fid%3Dh_108mobnd00014&af_id=okd0405-990&ch=api,,,,中出し / 騎乗位 / 単体作品 / 巨乳
h_175dxba00001,h_175dxba00001,digital,videoa,暴虐強●アクメ 残酷・リアル・極致・凌● ここまでヤって良いのだろうか…,2009-05-12 10:00:28,https://video.dmm.co.jp/av/content/?id=h_175dxba00001,https://al.fanza.co.jp/?lurl=https%3A%2F%2Fvideo.dmm.co.jp%2Fav%2Fcontent%2F%3Fid%3Dh_175dxba00001&af_id=okd0405-990&ch=api,,,,電マ / 辱め / 単体作品 / 独占配信
h_108mobrc00012,h_108mobrc00012,digital,videoa,真正中出し！ あすかりの,2009-05-12 10:00:25,https://video.dmm.co.jp/av/content/?id=h_108mobrc00012,https://al.fanza.co.jp/?lurl=https%3A%2F%2Fvideo.dmm.co.jp%2Fav%2Fcontent%2F%3Fid%3Dh_108mobrc00012&af_id=okd0405-990&ch=api,,,,単体作品 / 指マン / 騎乗位 / 中出し
150eosd00016sr,150eosd00016sr,digital,videoa,淫らな人妻たちの完熟交尾,2009-05-12 10:00:24,https://video.dmm.co.jp/av/content/?id=150eosd00016sr,https://al.fanza.co.jp/?lurl=https%3A%2F%2Fvideo.dmm.co.jp%2Fav%2Fcontent%2F%3Fid%3D150eosd00016sr&af_id=okd0405-990&ch=api,,,,人妻・主婦 / 電マ / フェラ / 中出し / 熟女
150hkid00011sr,150hkid00011sr,digital,videoa,陵●少女昇天！ 完全中出し女子校生特別授業,2009-05-12 10:00:23,https://video.dmm.co.jp/av/content/?id=150hkid00011sr,https://al.fanza.co.jp/?lurl=https%3A%2F%2Fvideo.dmm.co.jp%2Fav%2Fcontent%2F%3Fid%3D150hkid00011sr&af_id=okd0405-990&ch=api,,,,中出し / セーラー服 / 女子校生 / 辱め
h_046kbkd00463,h_046kbkd00463,digital,videoa,叔母さんの童貞狩り 広瀬ゆかり さとこ,2009-05-12 10:00:21,https://video.dmm.co.jp/av/content/?id=h_046kbkd00463,https://al.fanza.co.jp/?lurl=https%3A%2F%2Fvideo.dmm.co.jp%2Fav%2Fcontent%2F%3Fid%3Dh_046kbkd00463&af_id=okd0405-990&ch=api,,,,単体作品 / 中出し / 熟女 / 騎乗位 / シックスナイン
61rmd760r,61rmd760r,digital,videoa,宇宙企画 2008年1st モアベスト ノンストップエクスタシー,2009-05-12 10:00:19,https://video.dmm.co.jp/av/content/?id=61rmd760r,https://al.fanza.co.jp/?lurl=https%3A%2F%2Fvideo.dmm.co.jp%2Fav%2Fcontent%2F%3Fid%3D61rmd760r&af_id=okd0405-990&ch=api,,,,潮吹き / 巨乳 / 制服 / ベスト・総集編
h_067rnade380r,h_067rnade380r,digital,videoa,五十路四十路一筋 発情熟女盛りのご婦人達 男も野菜も大好き4時間スペシャル,2009-05-12 10:00:18,https://video.dmm.co.jp/av/content/?id=h_067rnade380r,https://al.fanza.co.jp/?lurl=https%3A%2F%2Fvideo.dmm.co.jp%2Fav%2Fcontent%2F%3Fid%3Dh_067rnade380r&af_id=okd0405-990&ch=api,,,,異物挿入 / 熟女 / バイブ
149rd281r,149rd281r,digital,videoa,ようこそ催淫（アブナイ）世界へ 8 お金と快楽と天然潮吹き,2009-05-12 10:00:17,https://video.dmm.co.jp/av/content/?id=149rd281r,https://al.fanza.co.jp/?lurl=https%3A%2F%2Fvideo.dmm.co.jp%2Fav%2Fcontent%2F%3Fid%3D149rd281r&af_id=okd0405-990&ch=api,,,,指マン / 騎乗位 / 潮吹き
150dvd00402,150dvd00402,digital,videoa,大阪素人ナンパ,2009-05-12 10:00:16,https://video.dmm.co.jp/av/content/?id=150dvd00402,https://al.fanza.co.jp/?lurl=https%3A%2F%2Fvideo.dmm.co.jp%2Fav%2Fcontent%2F%3Fid%3D150dvd00402&af_id=okd0405-990&ch=api,,,,ナンパ / 素人
h_115seed00037,h_115seed00037,digital,videoa,若妻情事セレクション,2009-05-12 10:00:15,https://video.dmm.co.jp/av/content/?id=h_115seed00037,https://al.fanza.co.jp/?lurl=https%3A%2F%2Fvideo.dmm.co.jp%2Fav%2Fcontent%2F%3Fid%3Dh_115seed00037&af_id=okd0405-990&ch=api,,,,指マン / 電マ / 若妻・幼妻 / 騎乗位
h_210sino00024,h_210sino00024,digital,videoa,◆発情◆ 素人カップル車内交尾 3 盗撮4時間,2009-05-12 10:00:14,https://video.dmm.co.jp/av/content/?id=h_210sino00024,https://al.fanza.co.jp/?lurl=https%3A%2F%2Fvideo.dmm.co.jp%2Fav%2Fcontent%2F%3Fid%3Dh_210sino00024&af_id=okd0405-990&ch=api,,,,カップル / 盗撮・のぞき / 素人 / カーセックス
h_100no003,h_100no003,digital,videoa,素人生姦ハメ撮り倶楽部 VOLUME 03,2009-05-12 10:00:13,https://video.dmm.co.jp/av/content/?id=h_100no003,https://al.fanza.co.jp/?lurl=https%3A%2F%2Fvideo.dmm.co.jp%2Fav%2Fcontent%2F%3Fid%3Dh_100no003&af_id=okd0405-990&ch=api,,,,ハメ撮り / 局部アップ / 素人 / 中出し
46rgdr00149,46rgdr00149,digital,videoa,オフィスレディ WITH パンティーストッキング 4,2009-05-12 10:00:12,https://video.dmm.co.jp/av/content/?id=46rgdr00149,https://al.fanza.co.jp/?lurl=https%3A%2F%2Fvideo.dmm.co.jp%2Fav%2Fcontent%2F%3Fid%3D46rgdr00149&af_id=okd0405-990&ch=api,,,,騎乗位 / OL / その他フェチ / パンスト・タイツ / 脚フェチ
h_170vnds892,h_170vnds892,digital,videoa,今までにない絶頂夫婦交換 集団熟妻スワップパーティー,2009-05-12 10:00:10,https://video.dmm.co.jp/av/content/?id=h_170vnds892,https://al.fanza.co.jp/?lurl=https%3A%2F%2Fvideo.dmm.co.jp%2Fav%2Fcontent%2F%3Fid%3Dh_170vnds892&af_id=okd0405-990&ch=api,,,,乱交 / 人妻・主婦 / フェラ / パンスト・タイツ / 指マン
h_170vnds696,h_170vnds696,digital,videoa,夫の知らない妻の性癖 3,2009-05-12 10:00:07,https://video.dmm.co.jp/av/content/?id=h_170vnds696,https://al.fanza.co.jp/?lurl=https%3A%2F%2Fvideo.dmm.co.jp%2Fav%2Fcontent%2F%3Fid%3Dh_170vnds696&af_id=okd0405-990&ch=api,,,,電マ / 騎乗位 / フェラ / シックスナイン / 人妻・主婦
28dvh00314,28dvh00314,digital,videoa,素人ナンパ中出し 8,2009-05-12 10:00:06,https://video.dmm.co.jp/av/content/?id=28dvh00314,https://al.fanza.co.jp/?lurl=https%3A%2F%2Fvideo.dmm.co.jp%2Fav%2Fcontent%2F%3Fid%3D28dvh00314&af_id=okd0405-990&ch=api,,,,ギャル / 中出し / 素人 / ナンパ / 3P・4P
433mbd113,433mbd113,digital,videoa,熟女のまごころ 山崎香奈 山野潤子,2009-05-12 10:00:05,https://video.dmm.co.jp/av/content/?id=433mbd113,https://al.fanza.co.jp/?lurl=https%3A%2F%2Fvideo.dmm.co.jp%2Fav%2Fcontent%2F%3Fid%3D433mbd113&af_id=okd0405-990&ch=api,,,,熟女 / 騎乗位 / 指マン
57mc00579,57mc00579,digital,videoa,アシヤレーヌ 2,2009-05-12 10:00:04,https://video.dmm.co.jp/av/content/?id=57mc00579,https://al.fanza.co.jp/?lurl=https%3A%2F%2Fvideo.dmm.co.jp%2Fav%2Fcontent%2F%3Fid%3D57mc00579&af_id=okd0405-990&ch=api,,,,指マン / 騎乗位 / 人妻・主婦
41cjv00008,41cjv00008,digital,videoa,現役社長秘書 密室の愛人,2009-05-12 10:00:03,https://video.dmm.co.jp/av/content/?id=41cjv00008,https://al.fanza.co.jp/?lurl=https%3A%2F%2Fvideo.dmm.co.jp%2Fav%2Fcontent%2F%3Fid%3D41cjv00008&af_id=okd0405-990&ch=api,,,,クンニ / フェラ / 秘書
42sp431,42sp431,digital,videoa,燃えよテレクラ 燃えよ東京 見えない明日に向かって,2009-05-12 10:00:02,https://video.dmm.co.jp/av/content/?id=42sp431,https://al.fanza.co.jp/?lurl=https%3A%2F%2Fvideo.dmm.co.jp%2Fav%2Fcontent%2F%3Fid%3D42sp431&af_id=okd0405-990&ch=api,,,,素人 / ドキュメンタリー
181dse00414,181dse00414,digital,videoa,初撮り 新人妻 羽島澄香・智美,2009-05-12 10:00:01,https://video.dmm.co.jp/av/content/?id=181dse00414,https://al.fanza.co.jp/?lurl=https%3A%2F%2Fvideo.dmm.co.jp%2Fav%2Fcontent%2F%3Fid%3D181dse00414&af_id=okd0405-990&ch=api,,,,単体作品 / 拘束 / 指マン / 人妻・主婦
olmx001,olmx001,digital,videoa,完全永久保存版 極エロ女優名作選,2009-05-12 10:00:00,https://video.dmm.co.jp/av/content/?id=olmx001,https://al.fanza.co.jp/?lurl=https%3A%2F%2Fvideo.dmm.co.jp%2Fav%2Fcontent%2F%3Fid%3Dolmx001&af_id=okd0405-990&ch=api,,,,インディーズ / シックスナイン / 騎乗位
41bndv00600,41bndv00600,digital,videoa,h.m.pカウントダウン2008［moon］ BEST HIT Ranking 4時間,2009-05-11 10:00:29,https://video.dmm.co.jp/av/content/?id=41bndv00600,https://al.fanza.co.jp/?lurl=https%3A%2F%2Fvideo.dmm.co.jp%2Fav%2Fcontent%2F%3Fid%3D41bndv00600&af_id=okd0405-990&ch=api,,,,騎乗位 / ベスト・総集編 / 3P・4P / 指マン / 潮吹き
ddt222,ddt222,digital,videoa,ハード・アナル 浣腸・うん汁・アナルトランス 青山亜里沙,2009-05-11 10:00:27,https://video.dmm.co.jp/av/content/?id=ddt222,https://al.fanza.co.jp/?lurl=https%3A%2F%2Fvideo.dmm.co.jp%2Fav%2Fcontent%2F%3Fid%3Dddt222&af_id=okd0405-990&ch=api,,,,3P・4P / アナル / スカトロ / 浣腸 / 単体作品
180advr00144,180advr00144,digital,videoa,美女マゾ愛奴 友希 つかもと友希,2009-05-11 10:00:23,https://video.dmm.co.jp/av/content/?id=180advr00144,https://al.fanza.co.jp/?lurl=https%3A%2F%2Fvideo.dmm.co.jp%2Fav%2Fcontent%2F%3Fid%3D180advr00144&af_id=okd0405-990&ch=api,,,,熟女 / アナル / SM / 3P・4P / 縛り・緊縛 / 単体作品
178yd022,178yd022,digital,videoa,縄奉仕 Bondage Memory プルルンヒップ 落合ゆき,2009-05-11 10:00:22,https://video.dmm.co.jp/av/content/?id=178yd022,https://al.fanza.co.jp/?lurl=https%3A%2F%2Fvideo.dmm.co.jp%2Fav%2Fcontent%2F%3Fid%3D178yd022&af_id=okd0405-990&ch=api,,,,縛り・緊縛 / 尻フェチ / 単体作品
59het558,59het558,digital,videoa,燃えろキャバクラ 4,2009-05-11 10:00:21,https://video.dmm.co.jp/av/content/?id=59het558,https://al.fanza.co.jp/?lurl=https%3A%2F%2Fvideo.dmm.co.jp%2Fav%2Fcontent%2F%3Fid%3D59het558&af_id=okd0405-990&ch=api,,,,キャバ嬢・風俗嬢 / ナンパ / 素人
h_167alx321,h_167alx321,digital,videoa,ナンパ落花生,2009-05-11 10:00:18,https://video.dmm.co.jp/av/content/?id=h_167alx321,https://al.fanza.co.jp/?lurl=https%3A%2F%2Fvideo.dmm.co.jp%2Fav%2Fcontent%2F%3Fid%3Dh_167alx321&af_id=okd0405-990&ch=api,,,,ナンパ / フェラ / 3P・4P / 美乳
28dvh00305,28dvh00305,digital,videoa,素人逆ナンパ中出し 菊原まどかと結城リナがナンパした素人男を無理やりAVに出演させて中出しされちゃいました！,2009-05-11 10:00:17,https://video.dmm.co.jp/av/content/?id=28dvh00305,https://al.fanza.co.jp/?lurl=https%3A%2F%2Fvideo.dmm.co.jp%2Fav%2Fcontent%2F%3Fid%3D28dvh00305&af_id=okd0405-990&ch=api,,,,逆ナン / 中出し / 手コキ / レズビアン / ナンパ / 3P・4P
2scd00003,2scd00003,digital,videoa,ザーメンクラブ2［ごっくん派への挑戦状］,2009-05-11 10:00:16,https://video.dmm.co.jp/av/content/?id=2scd00003,https://al.fanza.co.jp/?lurl=https%3A%2F%2Fvideo.dmm.co.jp%2Fav%2Fcontent%2F%3Fid%3D2scd00003&af_id=okd0405-990&ch=api,,,,ごっくん / セーラー服 / その他フェチ / ぶっかけ / 単体作品
181dse00413,181dse00413,digital,videoa,年金熟女中出し 谷原香歩 間宮志乃,2009-05-11 10:00:11,https://video.dmm.co.jp/av/content/?id=181dse00413,https://al.fanza.co.jp/?lurl=https%3A%2F%2Fvideo.dmm.co.jp%2Fav%2Fcontent%2F%3Fid%3D181dse00413&af_id=okd0405-990&ch=api,,,,中出し / 熟女 / 3P・4P
62daj00061,62daj00061,digital,videoa,女教師20年史 Deluxe 2,2009-05-11 10:00:08,https://video.dmm.co.jp/av/content/?id=62daj00061,https://al.fanza.co.jp/?lurl=https%3A%2F%2Fvideo.dmm.co.jp%2Fav%2Fcontent%2F%3Fid%3D62daj00061&af_id=okd0405-990&ch=api,,,,ベスト・総集編 / めがね / 巨乳 / 女教師
65tpd00025,65tpd00025,digital,videoa,痴母ノ誘惑 2,2009-05-11 10:00:07,https://video.dmm.co.jp/av/content/?id=65tpd00025,https://al.fanza.co.jp/?lurl=https%3A%2F%2Fvideo.dmm.co.jp%2Fav%2Fcontent%2F%3Fid%3D65tpd00025&af_id=okd0405-990&ch=api,,,,痴女 / 熟女 / 義母
h_169imgs093,h_169imgs093,digital,videoa,秘書一年生,2009-05-11 10:00:06,https://video.dmm.co.jp/av/content/?id=h_169imgs093,https://al.fanza.co.jp/?lurl=https%3A%2F%2Fvideo.dmm.co.jp%2Fav%2Fcontent%2F%3Fid%3Dh_169imgs093&af_id=okd0405-990&ch=api,,,,秘書 / パンスト・タイツ / スレンダー / フェラ / 放尿・お漏らし
434lamf009,434lamf009,digital,videoa,M女の刻印 Spiritual Masochist,2009-05-11 10:00:05,https://video.dmm.co.jp/av/content/?id=434lamf009,https://al.fanza.co.jp/?lurl=https%3A%2F%2Fvideo.dmm.co.jp%2Fav%2Fcontent%2F%3Fid%3D434lamf009&af_id=okd0405-990&ch=api,,,,単体作品 / ローター / 中出し / 放尿・お漏らし / フェラ / SM
104pbld00001,104pbld00001,digital,videoa,ピス ブンデスリーガ～The Water Girls,2009-05-11 10:00:04,https://video.dmm.co.jp/av/content/?id=104pbld00001,https://al.fanza.co.jp/?lurl=https%3A%2F%2Fvideo.dmm.co.jp%2Fav%2Fcontent%2F%3Fid%3D104pbld00001&af_id=okd0405-990&ch=api,,,,騎乗位 / 放尿・お漏らし / 白人女優 / 飲尿 / 人妻・主婦
57mc00639,57mc00639,digital,videoa,四十路熟母 半衿下に刻まれた悦欲痕,2009-05-11 10:00:03,https://video.dmm.co.jp/av/content/?id=57mc00639,https://al.fanza.co.jp/?lurl=https%3A%2F%2Fvideo.dmm.co.jp%2Fav%2Fcontent%2F%3Fid%3D57mc00639&af_id=okd0405-990&ch=api,,,,騎乗位 / 熟女 / 和服・浴衣
52fe00189,52fe00189,digital,videoa,令嬢秘書 逢坂あきら,2009-05-11 10:00:02,https://video.dmm.co.jp/av/content/?id=52fe00189,https://al.fanza.co.jp/?lurl=https%3A%2F%2Fvideo.dmm.co.jp%2Fav%2Fcontent%2F%3Fid%3D52fe00189&af_id=okd0405-990&ch=api,,,,秘書 / パンスト・タイツ / 騎乗位 / フェラ / 美乳 / 単体作品
jdkx001,jdkx001,digital,videoa,素人人妻の危険な遊び 中出しされた人妻たち,2009-05-11 10:00:00,https://video.dmm.co.jp/av/content/?id=jdkx001,https://al.fanza.co.jp/?lurl=https%3A%2F%2Fvideo.dmm.co.jp%2Fav%2Fcontent%2F%3Fid%3Djdkx001&af_id=okd0405-990&ch=api,,,,インディーズ / 中出し / 素人 / 人妻・主婦
aa383,aa383,digital,videoa,電脳コスプレドール,2009-05-11 10:00:00,https://video.dmm.co.jp/av/content/?id=aa383,https://al.fanza.co.jp/?lurl=https%3A%2F%2Fvideo.dmm.co.jp%2Fav%2Fcontent%2F%3Fid%3Daa383&af_id=okd0405-990&ch=api,,,,コスプレ / おもちゃ / 潮吹き / セーラー服
47azrd00189,47azrd00189,digital,videoa,SEXアンドロイド ボインモデル 黒川きらら,2009-05-10 10:00:36,https://video.dmm.co.jp/av/content/?id=47azrd00189,https://al.fanza.co.jp/?lurl=https%3A%2F%2Fvideo.dmm.co.jp%2Fav%2Fcontent%2F%3Fid%3D47azrd00189&af_id=okd0405-990&ch=api,,,,巨乳 / 電マ / 中出し / メイド / ローション・オイル / 単体作品
h_100smow00131,h_100smow00131,digital,videoa,白衣の天使 えみちゃん,2009-05-10 10:00:35,https://video.dmm.co.jp/av/content/?id=h_100smow00131,https://al.fanza.co.jp/?lurl=https%3A%2F%2Fvideo.dmm.co.jp%2Fav%2Fcontent%2F%3Fid%3Dh_100smow00131&af_id=okd0405-990&ch=api,,,,素人 / お姉さん / その他フェチ / 制服 / おもちゃ
parat01181,parat01181,digital,videoa,路線バスで勃起コスリつけ～通勤OLがその気になったらヤル！,2009-05-10 10:00:34,https://video.dmm.co.jp/av/content/?id=parat01181,https://al.fanza.co.jp/?lurl=https%3A%2F%2Fvideo.dmm.co.jp%2Fav%2Fcontent%2F%3Fid%3Dparat01181&af_id=okd0405-990&ch=api,,,,3P・4P / フェラ / 巨乳 / 尻フェチ / OL
88apd00149,88apd00149,digital,videoa,女子校生はニューハーフ 4時間BEST,2009-05-10 10:00:33,https://video.dmm.co.jp/av/content/?id=88apd00149,https://al.fanza.co.jp/?lurl=https%3A%2F%2Fvideo.dmm.co.jp%2Fav%2Fcontent%2F%3Fid%3D88apd00149&af_id=okd0405-990&ch=api,,,,セーラー服 / 女子校生 / ニューハーフ / ベスト・総集編
47azrd00190,47azrd00190,digital,videoa,盗撮学園 死角に潜む罠 葉山潤子,2009-05-10 10:00:32,https://video.dmm.co.jp/av/content/?id=47azrd00190,https://al.fanza.co.jp/?lurl=https%3A%2F%2Fvideo.dmm.co.jp%2Fav%2Fcontent%2F%3Fid%3D47azrd00190&af_id=okd0405-990&ch=api,,,,学園もの / 盗撮・のぞき / 水着 / 単体作品
59hzm00015,59hzm00015,digital,videoa,素人生ハメ！ 美・アラフォー女性ナンパ中出し愛好会,2009-05-10 10:00:31,https://video.dmm.co.jp/av/content/?id=59hzm00015,https://al.fanza.co.jp/?lurl=https%3A%2F%2Fvideo.dmm.co.jp%2Fav%2Fcontent%2F%3Fid%3D59hzm00015&af_id=okd0405-990&ch=api,,,,辱め / ナンパ / 素人 / 中出し / ハメ撮り
parat01179,parat01179,digital,videoa,素○娘20人ハメ倒し！ナンパSEXカーニバル～パチンコ屋のギャルからドイツ人まで！,2009-05-10 10:00:30,https://video.dmm.co.jp/av/content/?id=parat01179,https://al.fanza.co.jp/?lurl=https%3A%2F%2Fvideo.dmm.co.jp%2Fav%2Fcontent%2F%3Fid%3Dparat01179&af_id=okd0405-990&ch=api,,,,パンスト・タイツ / 騎乗位 / ギャル / ナンパ / 素人
47azrd00188,47azrd00188,digital,videoa,ギャル社長 麻田有希,2009-05-10 10:00:27,https://video.dmm.co.jp/av/content/?id=47azrd00188,https://al.fanza.co.jp/?lurl=https%3A%2F%2Fvideo.dmm.co.jp%2Fav%2Fcontent%2F%3Fid%3D47azrd00188&af_id=okd0405-990&ch=api,,,,ギャル / 職業色々 / 単体作品
h_100smow00132,h_100smow00132,digital,videoa,白衣の天使 ゆうちゃん,2009-05-10 10:00:26,https://video.dmm.co.jp/av/content/?id=h_100smow00132,https://al.fanza.co.jp/?lurl=https%3A%2F%2Fvideo.dmm.co.jp%2Fav%2Fcontent%2F%3Fid%3Dh_100smow00132&af_id=okd0405-990&ch=api,,,,お姉さん / その他フェチ / 制服 / 素人 / おもちゃ
59hsm00026,59hsm00026,digital,videoa,居酒屋で飲んでいるカップルの彼氏の隙を狙って彼女をナンパ！7 ぬるぬるま○こに精子を注入！！,2009-05-10 10:00:25,https://video.dmm.co.jp/av/content/?id=59hsm00026,https://al.fanza.co.jp/?lurl=https%3A%2F%2Fvideo.dmm.co.jp%2Fav%2Fcontent%2F%3Fid%3D59hsm00026&af_id=okd0405-990&ch=api,,,,カップル / 中出し / 企画 / 素人 / おもちゃ / ドキュメンタリー
104mdhd01,104mdhd01,digital,videoa,美熟女アナル 吉岡奈々子,2009-05-10 10:00:24,https://video.dmm.co.jp/av/content/?id=104mdhd01,https://al.fanza.co.jp/?lurl=https%3A%2F%2Fvideo.dmm.co.jp%2Fav%2Fcontent%2F%3Fid%3D104mdhd01&af_id=okd0405-990&ch=api,,,,アナルセックス / 単体作品 / バイブ / 羞恥 / 熟女
88uk00032,88uk00032,digital,videoa,某関係者が明かす 裏口入学の代償に弄ばれる受験生の母,2009-05-10 10:00:23,https://video.dmm.co.jp/av/content/?id=88uk00032,https://al.fanza.co.jp/?lurl=https%3A%2F%2Fvideo.dmm.co.jp%2Fav%2Fcontent%2F%3Fid%3D88uk00032&af_id=okd0405-990&ch=api,,,,熟女 / 人妻・主婦
88apd00148,88apd00148,digital,videoa,金髪ナース4時間FUCK,2009-05-10 10:00:22,https://video.dmm.co.jp/av/content/?id=88apd00148,https://al.fanza.co.jp/?lurl=https%3A%2F%2Fvideo.dmm.co.jp%2Fav%2Fcontent%2F%3Fid%3D88apd00148&af_id=okd0405-990&ch=api,,,,看護婦・ナース / コスプレ / 白人女優
h_100smow00129,h_100smow00129,digital,videoa,究極のエロモニター調査隊 ラブラブな素人カップルをエロ喫茶に放り込め！ 2nd,2009-05-10 10:00:21,https://video.dmm.co.jp/av/content/?id=h_100smow00129,https://al.fanza.co.jp/?lurl=https%3A%2F%2Fvideo.dmm.co.jp%2Fav%2Fcontent%2F%3Fid%3Dh_100smow00129&af_id=okd0405-990&ch=api,,,,カップル / 足コキ / 辱め / 羞恥 / ナンパ / 素人
h_100smow00130,h_100smow00130,digital,videoa,素人男をナンパして拘束した新人女優のもとに送り込め！！,2009-05-10 10:00:20,https://video.dmm.co.jp/av/content/?id=h_100smow00130,https://al.fanza.co.jp/?lurl=https%3A%2F%2Fvideo.dmm.co.jp%2Fav%2Fcontent%2F%3Fid%3Dh_100smow00130&af_id=okd0405-990&ch=api,,,,企画 / 拘束 / 辱め / 羞恥 / ナンパ
59hkm00038,59hkm00038,digital,videoa,別々に釣り上げた素人男女が車の中で御対面 10,2009-05-10 10:00:19,https://video.dmm.co.jp/av/content/?id=59hkm00038,https://al.fanza.co.jp/?lurl=https%3A%2F%2Fvideo.dmm.co.jp%2Fav%2Fcontent%2F%3Fid%3D59hkm00038&af_id=okd0405-990&ch=api,,,,フェラ / カーセックス / 素人 / ナンパ / 羞恥
88uk00031,88uk00031,digital,videoa,熟年夫婦のセックスライフ 6,2009-05-10 10:00:18,https://video.dmm.co.jp/av/content/?id=88uk00031,https://al.fanza.co.jp/?lurl=https%3A%2F%2Fvideo.dmm.co.jp%2Fav%2Fcontent%2F%3Fid%3D88uk00031&af_id=okd0405-990&ch=api,,,,裸エプロン / 熟女
59hkc00066,59hkc00066,digital,videoa,捕獲した素人娘が素人男を逆ナンパ 5,2009-05-10 10:00:17,https://video.dmm.co.jp/av/content/?id=59hkc00066,https://al.fanza.co.jp/?lurl=https%3A%2F%2Fvideo.dmm.co.jp%2Fav%2Fcontent%2F%3Fid%3D59hkc00066&af_id=okd0405-990&ch=api,,,,逆ナン / 羞恥 / 手コキ / フェラ / 素人 / ナンパ
59hzm00016,59hzm00016,digital,videoa,みらくるナンパ！ 清楚な奥様がマジ淫乱！！銀座編,2009-05-10 10:00:16,https://video.dmm.co.jp/av/content/?id=59hzm00016,https://al.fanza.co.jp/?lurl=https%3A%2F%2Fvideo.dmm.co.jp%2Fav%2Fcontent%2F%3Fid%3D59hzm00016&af_id=okd0405-990&ch=api,,,,中出し / 若妻・幼妻 / 人妻・主婦 / ナンパ / 素人
23mnh00004,23mnh00004,digital,videoa,私はこの撮影で女になる事を決めました。,2009-05-10 10:00:15,https://video.dmm.co.jp/av/content/?id=23mnh00004,https://al.fanza.co.jp/?lurl=https%3A%2F%2Fvideo.dmm.co.jp%2Fav%2Fcontent%2F%3Fid%3D23mnh00004&af_id=okd0405-990&ch=api,,,,3P・4P / シックスナイン / ニューハーフ
143bkd00004,143bkd00004,digital,videoa,中出し破壊レ●プ 黒人巨大マラVS野球監督婦人 吉岡奈々子,2009-05-10 10:00:14,https://video.dmm.co.jp/av/content/?id=143bkd00004,https://al.fanza.co.jp/?lurl=https%3A%2F%2Fvideo.dmm.co.jp%2Fav%2Fcontent%2F%3Fid%3D143bkd00004&af_id=okd0405-990&ch=api,,,,単体作品 / デジモ / 放尿・お漏らし / 人妻・主婦 / 黒人男優
h_046kbkd00462,h_046kbkd00462,digital,videoa,母親失格 加藤なお 渥美イオン,2009-05-10 10:00:13,https://video.dmm.co.jp/av/content/?id=h_046kbkd00462,https://al.fanza.co.jp/?lurl=https%3A%2F%2Fvideo.dmm.co.jp%2Fav%2Fcontent%2F%3Fid%3Dh_046kbkd00462&af_id=okd0405-990&ch=api,,,,騎乗位 / クンニ / 熟女 / 近親相姦 / お母さん
h_115seed00036,h_115seed00036,digital,videoa,中出し美熟女セレクション VOL.11,2009-05-10 10:00:12,https://video.dmm.co.jp/av/content/?id=h_115seed00036,https://al.fanza.co.jp/?lurl=https%3A%2F%2Fvideo.dmm.co.jp%2Fav%2Fcontent%2F%3Fid%3Dh_115seed00036&af_id=okd0405-990&ch=api,,,,ベスト・総集編 / 中出し / 熟女 / 人妻・主婦
h_067rnade379r,h_067rnade379r,digital,videoa,近○相姦スペシャル 息子の硬い肉棒に狂った母達 五十路四十路六十路4時姦,2009-05-10 10:00:09,https://video.dmm.co.jp/av/content/?id=h_067rnade379r,https://al.fanza.co.jp/?lurl=https%3A%2F%2Fvideo.dmm.co.jp%2Fav%2Fcontent%2F%3Fid%3Dh_067rnade379r&af_id=okd0405-990&ch=api,,,,近親相姦 / 中出し / 熟女 / 騎乗位
84rmild00566,84rmild00566,digital,videoa,SEXトライアスロン4時間 3,2009-05-10 10:00:08,https://video.dmm.co.jp/av/content/?id=84rmild00566,https://al.fanza.co.jp/?lurl=https%3A%2F%2Fvideo.dmm.co.jp%2Fav%2Fcontent%2F%3Fid%3D84rmild00566&af_id=okd0405-990&ch=api,,,,騎乗位 / 手コキ / フェラ
13fmd03,13fmd03,digital,videoa,黒人とロ●ータのアナル交尾3 ～二人の黒人とゆりが2穴FUCK～,2009-05-10 10:00:05,https://video.dmm.co.jp/av/content/?id=13fmd03,https://al.fanza.co.jp/?lurl=https%3A%2F%2Fvideo.dmm.co.jp%2Fav%2Fcontent%2F%3Fid%3D13fmd03&af_id=okd0405-990&ch=api,,,,単体作品 / 黒人男優 / ミニ系 / アナル / 浣腸 / 3P・4P
57mc00631,57mc00631,digital,videoa,ガマンできない38歳 熟肉淫艶編,2009-05-10 10:00:04,https://video.dmm.co.jp/av/content/?id=57mc00631,https://al.fanza.co.jp/?lurl=https%3A%2F%2Fvideo.dmm.co.jp%2Fav%2Fcontent%2F%3Fid%3D57mc00631&af_id=okd0405-990&ch=api,,,,人妻・主婦 / 騎乗位 / バイブ / 熟女
61rmd00128,61rmd00128,digital,videoa,ノーカットプラスドキュメント,2009-05-10 10:00:03,https://video.dmm.co.jp/av/content/?id=61rmd00128,https://al.fanza.co.jp/?lurl=https%3A%2F%2Fvideo.dmm.co.jp%2Fav%2Fcontent%2F%3Fid%3D61rmd00128&af_id=okd0405-990&ch=api,,,,単体作品 / ドキュメンタリー / スレンダー / 競泳・スクール水着 / 体操着・ブルマ / ミニ系 / 女子校生 / 顔射
41cjv00006,41cjv00006,digital,videoa,団地妻 内緒で奪って,2009-05-10 10:00:02,https://video.dmm.co.jp/av/content/?id=41cjv00006,https://al.fanza.co.jp/?lurl=https%3A%2F%2Fvideo.dmm.co.jp%2Fav%2Fcontent%2F%3Fid%3D41cjv00006&af_id=okd0405-990&ch=api,,,,人妻・主婦 / パンスト・タイツ / フェラ
111ddjr009,111ddjr009,digital,videoa,野外露出体験,2009-05-10 10:00:01,https://video.dmm.co.jp/av/content/?id=111ddjr009,https://al.fanza.co.jp/?lurl=https%3A%2F%2Fvideo.dmm.co.jp%2Fav%2Fcontent%2F%3Fid%3D111ddjr009&af_id=okd0405-990&ch=api,,,,野外・露出 / OL / セーラー服 / ハメ撮り
ihjl001,ihjl001,digital,videoa,巨乳素人娘 極上生FUCKベスト,2009-05-10 10:00:00,https://video.dmm.co.jp/av/content/?id=ihjl001,https://al.fanza.co.jp/?lurl=https%3A%2F%2Fvideo.dmm.co.jp%2Fav%2Fcontent%2F%3Fid%3Dihjl001&af_id=okd0405-990&ch=api,,,,インディーズ / ベスト・総集編 / 素人 / 巨乳フェチ / 巨乳
aa464,aa464,digital,videoa,NEO出血大制服33,2009-05-10 10:00:00,https://video.dmm.co.jp/av/content/?id=aa464,https://al.fanza.co.jp/?lurl=https%3A%2F%2Fvideo.dmm.co.jp%2Fav%2Fcontent%2F%3Fid%3Daa464&af_id=okd0405-990&ch=api,,,,看護婦・ナース / コスプレ / 縛り・緊縛 / 単体作品
h_175dwpd00002,h_175dwpd00002,digital,videoa,WIRED PUSSY 淫肉痙攣電気責め VOL.2,2009-05-09 10:00:35,https://video.dmm.co.jp/av/content/?id=h_175dwpd00002,https://al.fanza.co.jp/?lurl=https%3A%2F%2Fvideo.dmm.co.jp%2Fav%2Fcontent%2F%3Fid%3Dh_175dwpd00002&af_id=okd0405-990&ch=api,,,,単体作品 / 白人女優 / 拘束 / その他フェチ
ddt223,ddt223,digital,videoa,女優ベスト さよなら,2009-05-09 10:00:34,https://video.dmm.co.jp/av/content/?id=ddt223,https://al.fanza.co.jp/?lurl=https%3A%2F%2Fvideo.dmm.co.jp%2Fav%2Fcontent%2F%3Fid%3Dddt223&af_id=okd0405-990&ch=api,,,,SM / ぶっかけ / 縛り・緊縛 / スカトロ / 単体作品 / 拷問 / 女優ベスト・総集編
h_189gifd00097,h_189gifd00097,digital,videoa,新・相姦生活はじめます。 河合律子,2009-05-09 10:00:33,https://video.dmm.co.jp/av/content/?id=h_189gifd00097,https://al.fanza.co.jp/?lurl=https%3A%2F%2Fvideo.dmm.co.jp%2Fav%2Fcontent%2F%3Fid%3Dh_189gifd00097&af_id=okd0405-990&ch=api,,,,近親相姦 / 義母 / 熟女 / 単体作品
149rd280r,149rd280r,digital,videoa,奥様欲情日記 瞳もあそこも潤ませて本当はシタいんでしょ 奥さん,2009-05-09 10:00:30,https://video.dmm.co.jp/av/content/?id=149rd280r,https://al.fanza.co.jp/?lurl=https%3A%2F%2Fvideo.dmm.co.jp%2Fav%2Fcontent%2F%3Fid%3D149rd280r&af_id=okd0405-990&ch=api,,,,騎乗位 / 手コキ / 和服・浴衣 / 人妻・主婦
46rgdr00148,46rgdr00148,digital,videoa,LOVE タイツEX2 清原りょう,2009-05-09 10:00:29,https://video.dmm.co.jp/av/content/?id=46rgdr00148,https://al.fanza.co.jp/?lurl=https%3A%2F%2Fvideo.dmm.co.jp%2Fav%2Fcontent%2F%3Fid%3D46rgdr00148&af_id=okd0405-990&ch=api,,,,その他フェチ / パンスト・タイツ / 脚フェチ / 騎乗位 / 単体作品
h_189gifd00098,h_189gifd00098,digital,videoa,人妻専科 回春マッサージで春を売っていた人妻たち VOL.06,2009-05-09 10:00:27,https://video.dmm.co.jp/av/content/?id=h_189gifd00098,https://al.fanza.co.jp/?lurl=https%3A%2F%2Fvideo.dmm.co.jp%2Fav%2Fcontent%2F%3Fid%3Dh_189gifd00098&af_id=okd0405-990&ch=api,,,,マッサージ・リフレ / 熟女 / 素人 / 盗撮・のぞき / 人妻・主婦
h_189gifd00099,h_189gifd00099,digital,videoa,人妻ガチンコ顔出しナンパ 5 ～新宿某ビルATM前 張り込み編～,2009-05-09 10:00:26,https://video.dmm.co.jp/av/content/?id=h_189gifd00099,https://al.fanza.co.jp/?lurl=https%3A%2F%2Fvideo.dmm.co.jp%2Fav%2Fcontent%2F%3Fid%3Dh_189gifd00099&af_id=okd0405-990&ch=api,,,,人妻・主婦 / ナンパ / 騎乗位
h_257the00010,h_257the00010,digital,videoa,熟した美貌,2009-05-09 10:00:25,https://video.dmm.co.jp/av/content/?id=h_257the00010,https://al.fanza.co.jp/?lurl=https%3A%2F%2Fvideo.dmm.co.jp%2Fav%2Fcontent%2F%3Fid%3Dh_257the00010&af_id=okd0405-990&ch=api,,,,電マ / 足コキ / 熟女 / 拘束 / ローション・オイル
h_257the00011,h_257the00011,digital,videoa,脅迫性暴力,2009-05-09 10:00:24,https://video.dmm.co.jp/av/content/?id=h_257the00011,https://al.fanza.co.jp/?lurl=https%3A%2F%2Fvideo.dmm.co.jp%2Fav%2Fcontent%2F%3Fid%3Dh_257the00011&af_id=okd0405-990&ch=api,,,,辱め / 拘束 / 縛り・緊縛
59het557,59het557,digital,videoa,電話BOXで野外露出オナニー中にレ●プ！？で絶叫絶叫絶叫,2009-05-09 10:00:19,https://video.dmm.co.jp/av/content/?id=59het557,https://al.fanza.co.jp/?lurl=https%3A%2F%2Fvideo.dmm.co.jp%2Fav%2Fcontent%2F%3Fid%3D59het557&af_id=okd0405-990&ch=api,,,,オナニー / 野外・露出
67gesd00110,67gesd00110,digital,videoa,悶絶！逆ナン夫人 新田ゆかり44歳,2009-05-09 10:00:18,https://video.dmm.co.jp/av/content/?id=67gesd00110,https://al.fanza.co.jp/?lurl=https%3A%2F%2Fvideo.dmm.co.jp%2Fav%2Fcontent%2F%3Fid%3D67gesd00110&af_id=okd0405-990&ch=api,,,,3P・4P / 手コキ / 熟女 / 逆ナン / 単体作品
67gesd00111,67gesd00111,digital,videoa,エロ味倍増！豹変のオバサマ 広瀬ゆかり45歳,2009-05-09 10:00:17,https://video.dmm.co.jp/av/content/?id=67gesd00111,https://al.fanza.co.jp/?lurl=https%3A%2F%2Fvideo.dmm.co.jp%2Fav%2Fcontent%2F%3Fid%3D67gesd00111&af_id=okd0405-990&ch=api,,,,熟女 / パイズリ / 人妻・主婦 / 巨乳 / 単体作品
67gesd00112,67gesd00112,digital,videoa,入りっぱなし！またひらいて絶倫年増が12人,2009-05-09 10:00:16,https://video.dmm.co.jp/av/content/?id=67gesd00112,https://al.fanza.co.jp/?lurl=https%3A%2F%2Fvideo.dmm.co.jp%2Fav%2Fcontent%2F%3Fid%3D67gesd00112&af_id=okd0405-990&ch=api,,,,指マン / 騎乗位 / 熟女
67gesd00113,67gesd00113,digital,videoa,三十路で絶頂 どこまで続くエロ街道 第4章,2009-05-09 10:00:15,https://video.dmm.co.jp/av/content/?id=67gesd00113,https://al.fanza.co.jp/?lurl=https%3A%2F%2Fvideo.dmm.co.jp%2Fav%2Fcontent%2F%3Fid%3D67gesd00113&af_id=okd0405-990&ch=api,,,,拘束 / 指マン / 熟女 / クンニ
h_189aeds00099,h_189aeds00099,digital,videoa,パチンコで負けた女はやり方次第で簡単にラブホに連れ込めるらしい…,2009-05-09 10:00:14,https://video.dmm.co.jp/av/content/?id=h_189aeds00099,https://al.fanza.co.jp/?lurl=https%3A%2F%2Fvideo.dmm.co.jp%2Fav%2Fcontent%2F%3Fid%3Dh_189aeds00099&af_id=okd0405-990&ch=api,,,,ナンパ / 企画 / 潮吹き / ハメ撮り
h_021nps023,h_021nps023,digital,videoa,絶頂！潮吹きナンパ お嬢さん大人のオモチャのモニターになってみませんか？,2009-05-09 10:00:13,https://video.dmm.co.jp/av/content/?id=h_021nps023,https://al.fanza.co.jp/?lurl=https%3A%2F%2Fvideo.dmm.co.jp%2Fav%2Fcontent%2F%3Fid%3Dh_021nps023&af_id=okd0405-990&ch=api,,,,ナンパ / 素人 / 潮吹き / 電マ
h_170vnds687,h_170vnds687,digital,videoa,イカセSM 矢口菜々美,2009-05-09 10:00:11,https://video.dmm.co.jp/av/content/?id=h_170vnds687,https://al.fanza.co.jp/?lurl=https%3A%2F%2Fvideo.dmm.co.jp%2Fav%2Fcontent%2F%3Fid%3Dh_170vnds687&af_id=okd0405-990&ch=api,,,,SM / 縛り・緊縛 / 電マ / 異物挿入 / フェラ / 単体作品
h_167alx268,h_167alx268,digital,videoa,女社長レズバトル 鮎川るいVS高須奈々,2009-05-09 10:00:10,https://video.dmm.co.jp/av/content/?id=h_167alx268,https://al.fanza.co.jp/?lurl=https%3A%2F%2Fvideo.dmm.co.jp%2Fav%2Fcontent%2F%3Fid%3Dh_167alx268&af_id=okd0405-990&ch=api,,,,レズビアン / ローション・オイル / 3P・4P / パンスト・タイツ / シックスナイン
65tpd00024,65tpd00024,digital,videoa,卒業裏パーティー 4時間,2009-05-09 10:00:09,https://video.dmm.co.jp/av/content/?id=65tpd00024,https://al.fanza.co.jp/?lurl=https%3A%2F%2Fvideo.dmm.co.jp%2Fav%2Fcontent%2F%3Fid%3D65tpd00024&af_id=okd0405-990&ch=api,,,,学生服 / 女子校生 / 巨乳
434vacd008,434vacd008,digital,videoa,love，sex case ‘d’,2009-05-09 10:00:08,https://video.dmm.co.jp/av/content/?id=434vacd008,https://al.fanza.co.jp/?lurl=https%3A%2F%2Fvideo.dmm.co.jp%2Fav%2Fcontent%2F%3Fid%3D434vacd008&af_id=okd0405-990&ch=api,,,,指マン / 騎乗位 / フェラ / ミニスカ / セーラー服
104smbd00006,104smbd00006,digital,videoa,全裸族,2009-05-09 10:00:07,https://video.dmm.co.jp/av/content/?id=104smbd00006,https://al.fanza.co.jp/?lurl=https%3A%2F%2Fvideo.dmm.co.jp%2Fav%2Fcontent%2F%3Fid%3D104smbd00006&af_id=okd0405-990&ch=api,,,,フェラ / 騎乗位 / 3P・4P
433mbd108,433mbd108,digital,videoa,お姉さんがしてあげる TAKAKO 樹原まい,2009-05-09 10:00:06,https://video.dmm.co.jp/av/content/?id=433mbd108,https://al.fanza.co.jp/?lurl=https%3A%2F%2Fvideo.dmm.co.jp%2Fav%2Fcontent%2F%3Fid%3D433mbd108&af_id=okd0405-990&ch=api,,,,騎乗位 / フェラ / お姉さん
57mc00575,57mc00575,digital,videoa,アシヤレーヌ,2009-05-09 10:00:05,https://video.dmm.co.jp/av/content/?id=57mc00575,https://al.fanza.co.jp/?lurl=https%3A%2F%2Fvideo.dmm.co.jp%2Fav%2Fcontent%2F%3Fid%3D57mc00575&af_id=okd0405-990&ch=api,,,,フェラ / 人妻・主婦 / お嬢様・令嬢
67pa900,67pa900,digital,videoa,四十路（よそじ）第4章,2009-05-09 10:00:04,https://video.dmm.co.jp/av/content/?id=67pa900,https://al.fanza.co.jp/?lurl=https%3A%2F%2Fvideo.dmm.co.jp%2Fav%2Fcontent%2F%3Fid%3D67pa900&af_id=okd0405-990&ch=api,,,,熟女 / 3P・4P / 人妻・主婦 / 単体作品
52fe00188,52fe00188,digital,videoa,ヴァージンリップ 飯田夏帆,2009-05-09 10:00:03,https://video.dmm.co.jp/av/content/?id=52fe00188,https://al.fanza.co.jp/?lurl=https%3A%2F%2Fvideo.dmm.co.jp%2Fav%2Fcontent%2F%3Fid%3D52fe00188&af_id=okd0405-990&ch=api,,,,シックスナイン / 3P・4P / クンニ / 騎乗位 / フェラ / 単体作品
181dse00412,181dse00412,digital,videoa,【近親相姦シリーズ】 淫母相姦 二十,2009-05-09 10:00:01,https://video.dmm.co.jp/av/content/?id=181dse00412,https://al.fanza.co.jp/?lurl=https%3A%2F%2Fvideo.dmm.co.jp%2Fav%2Fcontent%2F%3Fid%3D181dse00412&af_id=okd0405-990&ch=api,,,,お母さん / 中出し / 熟女 / 近親相姦
guql001,guql001,digital,videoa,過激エロ素人娘 AV初体験,2009-05-09 10:00:00,https://video.dmm.co.jp/av/content/?id=guql001,https://al.fanza.co.jp/?lurl=https%3A%2F%2Fvideo.dmm.co.jp%2Fav%2Fcontent%2F%3Fid%3Dguql001&af_id=okd0405-990&ch=api,,,,インディーズ / 騎乗位 / 素人
11armg00044,11armg00044,digital,videoa,突然、責め好き女の子に連続2回しゃぶられちゃった僕。,2009-05-08 10:00:48,https://video.dmm.co.jp/av/content/?id=11armg00044,https://al.fanza.co.jp/?lurl=https%3A%2F%2Fvideo.dmm.co.jp%2Fav%2Fcontent%2F%3Fid%3D11armg00044&af_id=okd0405-990&ch=api,,,,制服 / 企画 / フェラ
53dv01046,53dv01046,digital,videoa,愛しの美少女 今井ひろの,2009-05-08 10:00:46,https://video.dmm.co.jp/av/content/?id=53dv01046,https://al.fanza.co.jp/?lurl=https%3A%2F%2Fvideo.dmm.co.jp%2Fav%2Fcontent%2F%3Fid%3D53dv01046&af_id=okd0405-990&ch=api,,,,ハイビジョン / 美少女 / オナニー / 単体作品 / フェラ / 騎乗位
12gst00002,12gst00002,digital,videoa,Tokyo A・GE・HA 02,2009-05-08 10:00:45,https://video.dmm.co.jp/av/content/?id=12gst00002,https://al.fanza.co.jp/?lurl=https%3A%2F%2Fvideo.dmm.co.jp%2Fav%2Fcontent%2F%3Fid%3D12gst00002&af_id=okd0405-990&ch=api,,,,ギャル / 巨乳 / 潮吹き / ハメ撮り / クンニ
53midi00001,53midi00001,digital,videoa,終わらないフェラチオ 高坂保奈美,2009-05-08 10:00:44,https://video.dmm.co.jp/av/content/?id=53midi00001,https://al.fanza.co.jp/?lurl=https%3A%2F%2Fvideo.dmm.co.jp%2Fav%2Fcontent%2F%3Fid%3D53midi00001&af_id=okd0405-990&ch=api,,,,ハイビジョン / フェラ / 単体作品 / その他フェチ / 顔射 / イラマチオ
53dv01048,53dv01048,digital,videoa,出会って6秒で合体 桜リエ,2009-05-08 10:00:43,https://video.dmm.co.jp/av/content/?id=53dv01048,https://al.fanza.co.jp/?lurl=https%3A%2F%2Fvideo.dmm.co.jp%2Fav%2Fcontent%2F%3Fid%3D53dv01048&af_id=okd0405-990&ch=api,,,,ハイビジョン / 単体作品 / ハメ撮り / 即ハメ / 騎乗位 / 顔射 / 指マン
11armd00949,11armd00949,digital,videoa,ピストン騎乗位5,2009-05-08 10:00:42,https://video.dmm.co.jp/av/content/?id=11armd00949,https://al.fanza.co.jp/?lurl=https%3A%2F%2Fvideo.dmm.co.jp%2Fav%2Fcontent%2F%3Fid%3D11armd00949&af_id=okd0405-990&ch=api,,,,騎乗位 / 尻フェチ
12gst00003,12gst00003,digital,videoa,♀-age嬢 2pac.01,2009-05-08 10:00:41,https://video.dmm.co.jp/av/content/?id=12gst00003,https://al.fanza.co.jp/?lurl=https%3A%2F%2Fvideo.dmm.co.jp%2Fav%2Fcontent%2F%3Fid%3D12gst00003&af_id=okd0405-990&ch=api,,,,単体作品 / ギャル / 電マ / 騎乗位
h_150upsa00006,h_150upsa00006,digital,videoa,調教×美少女M 楓まお,2009-05-08 10:00:40,https://video.dmm.co.jp/av/content/?id=h_150upsa00006,https://al.fanza.co.jp/?lurl=https%3A%2F%2Fvideo.dmm.co.jp%2Fav%2Fcontent%2F%3Fid%3Dh_150upsa00006&af_id=okd0405-990&ch=api,,,,単体作品 / デジモ / オナニー / 電マ / 女子大生 / 美少女
h_150upsm00005,h_150upsm00005,digital,videoa,援交 転校生 平塚ゆい,2009-05-08 10:00:39,https://video.dmm.co.jp/av/content/?id=h_150upsm00005,https://al.fanza.co.jp/?lurl=https%3A%2F%2Fvideo.dmm.co.jp%2Fav%2Fcontent%2F%3Fid%3Dh_150upsm00005&af_id=okd0405-990&ch=api,,,,セーラー服 / 騎乗位 / デジモ / クンニ / 単体作品
53dv01047,53dv01047,digital,videoa,現役マルチアイドルのエロいカラダ 花美ひな,2009-05-08 10:00:38,https://video.dmm.co.jp/av/content/?id=53dv01047,https://al.fanza.co.jp/?lurl=https%3A%2F%2Fvideo.dmm.co.jp%2Fav%2Fcontent%2F%3Fid%3D53dv01047&af_id=okd0405-990&ch=api,,,,ローター / オナニー / 巨乳フェチ / 巨乳 / 単体作品
h_150upsm00006,h_150upsm00006,digital,videoa,援交 転校生 鈴木ありす,2009-05-08 10:00:37,https://video.dmm.co.jp/av/content/?id=h_150upsm00006,https://al.fanza.co.jp/?lurl=https%3A%2F%2Fvideo.dmm.co.jp%2Fav%2Fcontent%2F%3Fid%3Dh_150upsm00006&af_id=okd0405-990&ch=api,,,,フェラ / デジモ / セーラー服 / クンニ / 単体作品
h_314nryo01,h_314nryo01,digital,videoa,黒い罠に掛かった令嬢白肌婦人、監禁凌●の果てに…,2009-05-08 10:00:36,https://video.dmm.co.jp/av/content/?id=h_314nryo01,https://al.fanza.co.jp/?lurl=https%3A%2F%2Fvideo.dmm.co.jp%2Fav%2Fcontent%2F%3Fid%3Dh_314nryo01&af_id=okd0405-990&ch=api,,,,監禁 / 人妻・主婦 / 縛り・緊縛 / 辱め / 単体作品
11armd00948,11armd00948,digital,videoa,母乳奥様 授乳プレイコレクション10,2009-05-08 10:00:35,https://video.dmm.co.jp/av/content/?id=11armd00948,https://al.fanza.co.jp/?lurl=https%3A%2F%2Fvideo.dmm.co.jp%2Fav%2Fcontent%2F%3Fid%3D11armd00948&af_id=okd0405-990&ch=api,,,,母乳 / その他フェチ / 人妻・主婦
60srxv00757,60srxv00757,digital,videoa,新着パーフェクトボディを●す！ 安藤美沙,2009-05-08 10:00:34,https://video.dmm.co.jp/av/content/?id=60srxv00757,https://al.fanza.co.jp/?lurl=https%3A%2F%2Fvideo.dmm.co.jp%2Fav%2Fcontent%2F%3Fid%3D60srxv00757&af_id=okd0405-990&ch=api,,,,競泳・スクール水着 / デジモ / パンスト・タイツ / レースクィーン / 巨乳 / イラマチオ / 単体作品
53dv01049,53dv01049,digital,videoa,かなで先生が教えてあげる 音羽かなで,2009-05-08 10:00:33,https://video.dmm.co.jp/av/content/?id=53dv01049,https://al.fanza.co.jp/?lurl=https%3A%2F%2Fvideo.dmm.co.jp%2Fav%2Fcontent%2F%3Fid%3D53dv01049&af_id=okd0405-990&ch=api,,,,ハイビジョン / 指マン / 3P・4P / 騎乗位 / 単体作品 / 女教師
55miz00007,55miz00007,digital,videoa,アスリート競泳水着 篠原リョウ,2009-05-08 10:00:32,https://video.dmm.co.jp/av/content/?id=55miz00007,https://al.fanza.co.jp/?lurl=https%3A%2F%2Fvideo.dmm.co.jp%2Fav%2Fcontent%2F%3Fid%3D55miz00007&af_id=okd0405-990&ch=api,,,,単体作品 / 水着 / 痴女 / 長身 / 3P・4P / ローション・オイル
h_150upsa00005,h_150upsa00005,digital,videoa,調教×美少女M 安堂エリカ,2009-05-08 10:00:31,https://video.dmm.co.jp/av/content/?id=h_150upsa00005,https://al.fanza.co.jp/?lurl=https%3A%2F%2Fvideo.dmm.co.jp%2Fav%2Fcontent%2F%3Fid%3Dh_150upsa00005&af_id=okd0405-990&ch=api,,,,単体作品 / イラマチオ / デジモ / 拘束 / オナニー / ハメ撮り / 美少女
12gst00001,12gst00001,digital,videoa,Tokyo A・GE・HA 01,2009-05-08 10:00:30,https://video.dmm.co.jp/av/content/?id=12gst00001,https://al.fanza.co.jp/?lurl=https%3A%2F%2Fvideo.dmm.co.jp%2Fav%2Fcontent%2F%3Fid%3D12gst00001&af_id=okd0405-990&ch=api,,,,単体作品 / ギャル / 巨乳 / ハメ撮り
11armd00946,11armd00946,digital,videoa,むっちりホットパンツの顔面太腿絞めサロン,2009-05-08 10:00:29,https://video.dmm.co.jp/av/content/?id=11armd00946,https://al.fanza.co.jp/?lurl=https%3A%2F%2Fvideo.dmm.co.jp%2Fav%2Fcontent%2F%3Fid%3D11armd00946&af_id=okd0405-990&ch=api,,,,脚フェチ / その他フェチ / 手コキ
h_158tos00059,h_158tos00059,digital,videoa,やっぱり義母さんでしかイケない 第三章,2009-05-08 10:00:28,https://video.dmm.co.jp/av/content/?id=h_158tos00059,https://al.fanza.co.jp/?lurl=https%3A%2F%2Fvideo.dmm.co.jp%2Fav%2Fcontent%2F%3Fid%3Dh_158tos00059&af_id=okd0405-990&ch=api,,,,近親相姦 / 騎乗位 / 義母
h_158tos00060,h_158tos00060,digital,videoa,まさか叔母ちゃんに筆下ろしされるとは… 19,2009-05-08 10:00:27,https://video.dmm.co.jp/av/content/?id=h_158tos00060,https://al.fanza.co.jp/?lurl=https%3A%2F%2Fvideo.dmm.co.jp%2Fav%2Fcontent%2F%3Fid%3Dh_158tos00060&af_id=okd0405-990&ch=api,,,,熟女 / 巨乳 / クンニ / 騎乗位 / 近親相姦
11armd00947,11armd00947,digital,videoa,淫乱・奇特・底無し性欲 変態オナニー女BEST,2009-05-08 10:00:26,https://video.dmm.co.jp/av/content/?id=11armd00947,https://al.fanza.co.jp/?lurl=https%3A%2F%2Fvideo.dmm.co.jp%2Fav%2Fcontent%2F%3Fid%3D11armd00947&af_id=okd0405-990&ch=api,,,,ベスト・総集編 / オナニー
53pdv00069,53pdv00069,digital,videoa,アリスピンクファイル あのピンクファイルで魅せる！ 椎名舞 3,2009-05-08 10:00:25,https://video.dmm.co.jp/av/content/?id=53pdv00069,https://al.fanza.co.jp/?lurl=https%3A%2F%2Fvideo.dmm.co.jp%2Fav%2Fcontent%2F%3Fid%3D53pdv00069&af_id=okd0405-990&ch=api,,,,騎乗位 / 3P・4P / 指マン / 巨乳 / 単体作品 / 女優ベスト・総集編
53pdv00070,53pdv00070,digital,videoa,アリスピンクファイル あのピンクファイルで魅せる！ 宝月ひかる,2009-05-08 10:00:24,https://video.dmm.co.jp/av/content/?id=53pdv00070,https://al.fanza.co.jp/?lurl=https%3A%2F%2Fvideo.dmm.co.jp%2Fav%2Fcontent%2F%3Fid%3D53pdv00070&af_id=okd0405-990&ch=api,,,,騎乗位 / 3P・4P / 指マン / 巨乳 / 単体作品 / 女優ベスト・総集編
12bur00260,12bur00260,digital,videoa,人妻拘束連続アクメ調教 2,2009-05-08 10:00:23,https://video.dmm.co.jp/av/content/?id=12bur00260,https://al.fanza.co.jp/?lurl=https%3A%2F%2Fvideo.dmm.co.jp%2Fav%2Fcontent%2F%3Fid%3D12bur00260&af_id=okd0405-990&ch=api,,,,人妻・主婦 / 拘束 / おもちゃ
12bur00261,12bur00261,digital,videoa,女子校生拉致監禁陵●記録 3,2009-05-08 10:00:22,https://video.dmm.co.jp/av/content/?id=12bur00261,https://al.fanza.co.jp/?lurl=https%3A%2F%2Fvideo.dmm.co.jp%2Fav%2Fcontent%2F%3Fid%3D12bur00261&af_id=okd0405-990&ch=api,,,,辱め / 学生服 / おもちゃ / 拘束 / 女子校生
143nhm00010,143nhm00010,digital,videoa,中出しソープ 麗しの熟女湯屋 美熟女総本店 友田真希,2009-05-08 10:00:21,https://video.dmm.co.jp/av/content/?id=143nhm00010,https://al.fanza.co.jp/?lurl=https%3A%2F%2Fvideo.dmm.co.jp%2Fav%2Fcontent%2F%3Fid%3D143nhm00010&af_id=okd0405-990&ch=api,,,,単体作品 / デジモ / キャバ嬢・風俗嬢 / 潮吹き / 中出し / 熟女 / 巨乳
143kid00031,143kid00031,digital,videoa,近親相姦遊戯 父と嫁 其の拾壱 波木麗子,2009-05-08 10:00:20,https://video.dmm.co.jp/av/content/?id=143kid00031,https://al.fanza.co.jp/?lurl=https%3A%2F%2Fvideo.dmm.co.jp%2Fav%2Fcontent%2F%3Fid%3D143kid00031&af_id=okd0405-990&ch=api,,,,単体作品 / デジモ / 中出し / 人妻・主婦 / 熟女 / 近親相姦 / 騎乗位
143kid00033,143kid00033,digital,videoa,近親相姦遊戯 叔母と僕 其の八,2009-05-08 10:00:19,https://video.dmm.co.jp/av/content/?id=143kid00033,https://al.fanza.co.jp/?lurl=https%3A%2F%2Fvideo.dmm.co.jp%2Fav%2Fcontent%2F%3Fid%3D143kid00033&af_id=okd0405-990&ch=api,,,,デジモ / 3P・4P / 熟女 / 近親相姦 / 脚フェチ
h_086sika00013,h_086sika00013,digital,videoa,近親相姦 五十路の母 波木麗子,2009-05-08 10:00:18,https://video.dmm.co.jp/av/content/?id=h_086sika00013,https://al.fanza.co.jp/?lurl=https%3A%2F%2Fvideo.dmm.co.jp%2Fav%2Fcontent%2F%3Fid%3Dh_086sika00013&af_id=okd0405-990&ch=api,,,,単体作品 / お母さん / フェラ / 熟女 / 中出し
h_086cherd00034,h_086cherd00034,digital,videoa,熟女童貞狩り 五十路編 波木麗子,2009-05-08 10:00:17,https://video.dmm.co.jp/av/content/?id=h_086cherd00034,https://al.fanza.co.jp/?lurl=https%3A%2F%2Fvideo.dmm.co.jp%2Fav%2Fcontent%2F%3Fid%3Dh_086cherd00034&af_id=okd0405-990&ch=api,,,,単体作品 / 熟女 / オナニー / 中出し
h_158tos00057,h_158tos00057,digital,videoa,本格レズ 訪問エステに溺れる三十路妻たち,2009-05-08 10:00:15,https://video.dmm.co.jp/av/content/?id=h_158tos00057,https://al.fanza.co.jp/?lurl=https%3A%2F%2Fvideo.dmm.co.jp%2Fav%2Fcontent%2F%3Fid%3Dh_158tos00057&af_id=okd0405-990&ch=api,,,,エステ / 巨乳 / 乱交 / 3P・4P / 人妻・主婦 / レズビアン
h_158tos00058,h_158tos00058,digital,videoa,不倫 ラブジュース・シャッフル,2009-05-08 10:00:14,https://video.dmm.co.jp/av/content/?id=h_158tos00058,https://al.fanza.co.jp/?lurl=https%3A%2F%2Fvideo.dmm.co.jp%2Fav%2Fcontent%2F%3Fid%3Dh_158tos00058&af_id=okd0405-990&ch=api,,,,騎乗位 / 人妻・主婦 / 不倫
h_314nryo03,h_314nryo03,digital,videoa,二匹の猛獣が巣くう逃れられない禁断の部屋で、雌と化していく昼下がりの妻…。夫の目の前で火照るその肢体……。,2009-05-08 10:00:13,https://video.dmm.co.jp/av/content/?id=h_314nryo03,https://al.fanza.co.jp/?lurl=https%3A%2F%2Fvideo.dmm.co.jp%2Fav%2Fcontent%2F%3Fid%3Dh_314nryo03&af_id=okd0405-990&ch=api,,,,3P・4P / 拘束 / 人妻・主婦 / 単体作品
h_314nryo05,h_314nryo05,digital,videoa,若妻監禁、歪んだ愛情の果て…抵抗できない白い肌を、自分色に染め上げる…。,2009-05-08 10:00:12,https://video.dmm.co.jp/av/content/?id=h_314nryo05,https://al.fanza.co.jp/?lurl=https%3A%2F%2Fvideo.dmm.co.jp%2Fav%2Fcontent%2F%3Fid%3Dh_314nryo05&af_id=okd0405-990&ch=api,,,,若妻・幼妻 / 監禁 / 拘束 / 羞恥 / クンニ / 単体作品
h_158tos00061,h_158tos00061,digital,videoa,ザ・タブー家族 義母がすけべで身がもたない 27,2009-05-08 10:00:11,https://video.dmm.co.jp/av/content/?id=h_158tos00061,https://al.fanza.co.jp/?lurl=https%3A%2F%2Fvideo.dmm.co.jp%2Fav%2Fcontent%2F%3Fid%3Dh_158tos00061&af_id=okd0405-990&ch=api,,,,痴女 / 熟女 / 騎乗位 / 義母
h_158tyk00011,h_158tyk00011,digital,videoa,どすけべ義母の味くらべ3時間,2009-05-08 10:00:10,https://video.dmm.co.jp/av/content/?id=h_158tyk00011,https://al.fanza.co.jp/?lurl=https%3A%2F%2Fvideo.dmm.co.jp%2Fav%2Fcontent%2F%3Fid%3Dh_158tyk00011&af_id=okd0405-990&ch=api,,,,義母 / クンニ / 騎乗位 / 熟女
h_169imgs069,h_169imgs069,digital,videoa,COVER GIRL3,2009-05-08 10:00:09,https://video.dmm.co.jp/av/content/?id=h_169imgs069,https://al.fanza.co.jp/?lurl=https%3A%2F%2Fvideo.dmm.co.jp%2Fav%2Fcontent%2F%3Fid%3Dh_169imgs069&af_id=okd0405-990&ch=api,,,,モデル / スレンダー / 長身 / 水着 / フェラ
h_115seed00035,h_115seed00035,digital,videoa,中出し美熟女セレクション VOL.10,2009-05-08 10:00:08,https://video.dmm.co.jp/av/content/?id=h_115seed00035,https://al.fanza.co.jp/?lurl=https%3A%2F%2Fvideo.dmm.co.jp%2Fav%2Fcontent%2F%3Fid%3Dh_115seed00035&af_id=okd0405-990&ch=api,,,,中出し / 熟女 / 人妻・主婦 / ベスト・総集編
h_314nryo02,h_314nryo02,digital,videoa,年の離れた夫、熟れた肉体を持て余す美しき若妻…飢えた獣に凌●されながらも言葉と裏腹にたぎった肉根を貪欲に貪るピンクの肉壷…,2009-05-08 10:00:07,https://video.dmm.co.jp/av/content/?id=h_314nryo02,https://al.fanza.co.jp/?lurl=https%3A%2F%2Fvideo.dmm.co.jp%2Fav%2Fcontent%2F%3Fid%3Dh_314nryo02&af_id=okd0405-990&ch=api,,,,若妻・幼妻 / 拘束 / 辱め / クンニ / 単体作品
h_314nryo04,h_314nryo04,digital,videoa,美人秘書に常務の邪悪な牙がむく！堕ちた秘書に救いの手が差し込むが…。唯一の光でさえ、薄っすらと消え行く。凌●と言う言葉とともに。,2009-05-08 10:00:06,https://video.dmm.co.jp/av/content/?id=h_314nryo04,https://al.fanza.co.jp/?lurl=https%3A%2F%2Fvideo.dmm.co.jp%2Fav%2Fcontent%2F%3Fid%3Dh_314nryo04&af_id=okd0405-990&ch=api,,,,拘束 / 秘書 / 辱め
h_100no001,h_100no001,digital,videoa,素人生姦ハメ撮り倶楽部 VOLUME 01,2009-05-08 10:00:04,https://video.dmm.co.jp/av/content/?id=h_100no001,https://al.fanza.co.jp/?lurl=https%3A%2F%2Fvideo.dmm.co.jp%2Fav%2Fcontent%2F%3Fid%3Dh_100no001&af_id=okd0405-990&ch=api,,,,ハメ撮り / 局部アップ / 素人 / 中出し / キャンギャル
13mevd01,13mevd01,digital,videoa,華美月のアナルイキッパ！,2009-05-08 10:00:02,https://video.dmm.co.jp/av/content/?id=13mevd01,https://al.fanza.co.jp/?lurl=https%3A%2F%2Fvideo.dmm.co.jp%2Fav%2Fcontent%2F%3Fid%3D13mevd01&af_id=okd0405-990&ch=api,,,,単体作品 / デジモ / 拘束 / 3P・4P / 中出し / アナル
28dvh00294,28dvh00294,digital,videoa,女子校生強●中出し 7,2009-05-08 10:00:01,https://video.dmm.co.jp/av/content/?id=28dvh00294,https://al.fanza.co.jp/?lurl=https%3A%2F%2Fvideo.dmm.co.jp%2Fav%2Fcontent%2F%3Fid%3D28dvh00294&af_id=okd0405-990&ch=api,,,,女子校生 / 中出し / 学生服 / フェラ / 電マ
fprl001,fprl001,digital,videoa,母子近親相姦 ベストセレクション,2009-05-08 10:00:00,https://video.dmm.co.jp/av/content/?id=fprl001,https://al.fanza.co.jp/?lurl=https%3A%2F%2Fvideo.dmm.co.jp%2Fav%2Fcontent%2F%3Fid%3Dfprl001&af_id=okd0405-990&ch=api,,,,インディーズ / ベスト・総集編 / 騎乗位 / 近親相姦 / 熟女
41cjv00004,41cjv00004,digital,videoa,現役看護婦 3,2009-05-08 10:00:00,https://video.dmm.co.jp/av/content/?id=41cjv00004,https://al.fanza.co.jp/?lurl=https%3A%2F%2Fvideo.dmm.co.jp%2Fav%2Fcontent%2F%3Fid%3D41cjv00004&af_id=okd0405-990&ch=api,,,,フェラ / 騎乗位 / 看護婦・ナース
2god00143,2god00143,digital,videoa,逢乃うさぎが許してあげる 逢乃うさぎ,2009-05-08 10:00:00,https://video.dmm.co.jp/av/content/?id=2god00143,https://al.fanza.co.jp/?lurl=https%3A%2F%2Fvideo.dmm.co.jp%2Fav%2Fcontent%2F%3Fid%3D2god00143&af_id=okd0405-990&ch=api,,,,単体作品 / 美少女 / 巨乳フェチ / 巨乳 / コスプレ
104kybd00007,104kybd00007,digital,videoa,～愛の‘狂乳病’感染2 Real BIG Tits！ 4,2009-05-08 10:00:00,https://video.dmm.co.jp/av/content/?id=104kybd00007,https://al.fanza.co.jp/?lurl=https%3A%2F%2Fvideo.dmm.co.jp%2Fav%2Fcontent%2F%3Fid%3D104kybd00007&af_id=okd0405-990&ch=api,,,,巨乳 / フェラ / パイズリ / 巨乳フェチ
onsd00320,onsd00320,digital,videoa,ギリモザ8時間 麻美ゆま,2009-05-07 10:00:50,https://video.dmm.co.jp/av/content/?id=onsd00320,https://al.fanza.co.jp/?lurl=https%3A%2F%2Fvideo.dmm.co.jp%2Fav%2Fcontent%2F%3Fid%3Donsd00320&af_id=okd0405-990&ch=api,,,,単体作品 / 独占配信 / 巨乳 / 騎乗位 / ごっくん / ギリモザ
soe00213,soe00213,digital,videoa,芸能人×ギリモザ ものすごい顔射 藤浦めぐ,2009-05-07 10:00:47,https://video.dmm.co.jp/av/content/?id=soe00213,https://al.fanza.co.jp/?lurl=https%3A%2F%2Fvideo.dmm.co.jp%2Fav%2Fcontent%2F%3Fid%3Dsoe00213&af_id=okd0405-990&ch=api,,,,単体作品 / 独占配信 / 巨乳 / アイドル・芸能人 / 3P・4P / 顔射 / ギリモザ
pgd00280,pgd00280,digital,videoa,接吻、グラマラス。 光月夜也,2009-05-07 10:00:45,https://video.dmm.co.jp/av/content/?id=pgd00280,https://al.fanza.co.jp/?lurl=https%3A%2F%2Fvideo.dmm.co.jp%2Fav%2Fcontent%2F%3Fid%3Dpgd00280&af_id=okd0405-990&ch=api,,,,単体作品 / 手コキ / シックスナイン / 3P・4P / デジモ / 独占配信 / キス・接吻
pgd00282,pgd00282,digital,videoa,ノーパン女子校生 ほしのみゆ,2009-05-07 10:00:44,https://video.dmm.co.jp/av/content/?id=pgd00282,https://al.fanza.co.jp/?lurl=https%3A%2F%2Fvideo.dmm.co.jp%2Fav%2Fcontent%2F%3Fid%3Dpgd00282&af_id=okd0405-990&ch=api,,,,制服 / 女子校生 / 騎乗位 / シックスナイン / デジモ / 独占配信 / 単体作品
shkd00363,shkd00363,digital,videoa,夫の目の前で犯●れて- 姑の深き嫉妬… 如月カレン,2009-05-07 10:00:43,https://video.dmm.co.jp/av/content/?id=shkd00363,https://al.fanza.co.jp/?lurl=https%3A%2F%2Fvideo.dmm.co.jp%2Fav%2Fcontent%2F%3Fid%3Dshkd00363&af_id=okd0405-990&ch=api,,,,拘束 / 人妻・主婦 / 3P・4P / 独占配信
18sprd00283,18sprd00283,digital,videoa,兄さんが派遣を切られたその隙に 花野真衣,2009-05-07 10:00:42,https://video.dmm.co.jp/av/content/?id=18sprd00283,https://al.fanza.co.jp/?lurl=https%3A%2F%2Fvideo.dmm.co.jp%2Fav%2Fcontent%2F%3Fid%3D18sprd00283&af_id=okd0405-990&ch=api,,,,単体作品 / 熟女 / 人妻・主婦 / デジモ / 指マン
soe00208,soe00208,digital,videoa,4時間×ギリモザ バコバコ風俗 NO.1指名 初音みのり,2009-05-07 10:00:41,https://video.dmm.co.jp/av/content/?id=soe00208,https://al.fanza.co.jp/?lurl=https%3A%2F%2Fvideo.dmm.co.jp%2Fav%2Fcontent%2F%3Fid%3Dsoe00208&af_id=okd0405-990&ch=api,,,,単体作品 / 独占配信 / キャバ嬢・風俗嬢 / 手コキ / 顔射 / 指マン / ギリモザ
juc00075,juc00075,digital,videoa,長身姉妹美アナル調教 ～異常な変態性癖に目覚めたスレンダー姉妹～ 吉岡奈々子 高坂保奈美,2009-05-07 10:00:40,https://video.dmm.co.jp/av/content/?id=juc00075,https://al.fanza.co.jp/?lurl=https%3A%2F%2Fvideo.dmm.co.jp%2Fav%2Fcontent%2F%3Fid%3Djuc00075&af_id=okd0405-990&ch=api,,,,独占配信 / 熟女 / アナル / 3P・4P / デジモ
pgd00278,pgd00278,digital,videoa,失禁お漏らし女教師 冬月かえで,2009-05-07 10:00:39,https://video.dmm.co.jp/av/content/?id=pgd00278,https://al.fanza.co.jp/?lurl=https%3A%2F%2Fvideo.dmm.co.jp%2Fav%2Fcontent%2F%3Fid%3Dpgd00278&af_id=okd0405-990&ch=api,,,,女教師 / パンスト・タイツ / 放尿・お漏らし / 顔射 / デジモ / 独占配信 / 単体作品
soe00212,soe00212,digital,videoa,ギリモザ 無限絶頂！激イカセFUCK 恵けい,2009-05-07 10:00:38,https://video.dmm.co.jp/av/content/?id=soe00212,https://al.fanza.co.jp/?lurl=https%3A%2F%2Fvideo.dmm.co.jp%2Fav%2Fcontent%2F%3Fid%3Dsoe00212&af_id=okd0405-990&ch=api,,,,拘束 / 巨乳 / 潮吹き / 3P・4P / ギリモザ / 独占配信 / 単体作品
soe00214,soe00214,digital,videoa,芸能人×Pカップ 解禁ギリモザ 風子,2009-05-07 10:00:37,https://video.dmm.co.jp/av/content/?id=soe00214,https://al.fanza.co.jp/?lurl=https%3A%2F%2Fvideo.dmm.co.jp%2Fav%2Fcontent%2F%3Fid%3Dsoe00214&af_id=okd0405-990&ch=api,,,,巨乳 / アイドル・芸能人 / パイズリ / 3P・4P / ギリモザ / 独占配信 / 単体作品
rbd00151,rbd00151,digital,videoa,強●快楽研究室 水元ゆうな,2009-05-07 10:00:35,https://video.dmm.co.jp/av/content/?id=rbd00151,https://al.fanza.co.jp/?lurl=https%3A%2F%2Fvideo.dmm.co.jp%2Fav%2Fcontent%2F%3Fid%3Drbd00151&af_id=okd0405-990&ch=api,,,,拘束 / 看護婦・ナース / レズビアン / 3P・4P / 独占配信 / 単体作品
bf00033,bf00033,digital,videoa,家庭教師もえ先生のぶっかけ授業,2009-05-07 10:00:34,https://video.dmm.co.jp/av/content/?id=bf00033,https://al.fanza.co.jp/?lurl=https%3A%2F%2Fvideo.dmm.co.jp%2Fav%2Fcontent%2F%3Fid%3Dbf00033&af_id=okd0405-990&ch=api,,,,独占配信 / 家庭教師 / ぶっかけ / 3P・4P / ハメ撮り
18momj00032,18momj00032,digital,videoa,兄嫁奴● ～忘れられない記憶～ 北条麻妃,2009-05-07 10:00:33,https://video.dmm.co.jp/av/content/?id=18momj00032,https://al.fanza.co.jp/?lurl=https%3A%2F%2Fvideo.dmm.co.jp%2Fav%2Fcontent%2F%3Fid%3D18momj00032&af_id=okd0405-990&ch=api,,,,3P・4P / 単体作品 / 人妻・主婦 / デジモ
pgd00285,pgd00285,digital,videoa,女子校生痴●バス地獄 二宮沙樹,2009-05-07 10:00:31,https://video.dmm.co.jp/av/content/?id=pgd00285,https://al.fanza.co.jp/?lurl=https%3A%2F%2Fvideo.dmm.co.jp%2Fav%2Fcontent%2F%3Fid%3Dpgd00285&af_id=okd0405-990&ch=api,,,,制服 / 女子校生 / 騎乗位 / デジモ / 独占配信 / イラマチオ / 単体作品
pgd00281,pgd00281,digital,videoa,潮吹き洪水警報！お天気お姉さんのセクハラ生中継 美咲みゆ,2009-05-07 10:00:30,https://video.dmm.co.jp/av/content/?id=pgd00281,https://al.fanza.co.jp/?lurl=https%3A%2F%2Fvideo.dmm.co.jp%2Fav%2Fcontent%2F%3Fid%3Dpgd00281&af_id=okd0405-990&ch=api,,,,単体作品 / 潮吹き / 3P・4P / 指マン / デジモ / 独占配信
atid00146,atid00146,digital,videoa,奴●人形マミ 桃瀬えみる,2009-05-07 10:00:28,https://video.dmm.co.jp/av/content/?id=atid00146,https://al.fanza.co.jp/?lurl=https%3A%2F%2Fvideo.dmm.co.jp%2Fav%2Fcontent%2F%3Fid%3Datid00146&af_id=okd0405-990&ch=api,,,,辱め / ドール / 独占配信 / 単体作品
pgd00279,pgd00279,digital,videoa,吉崎直緒、顔面騎乗スペシャル,2009-05-07 10:00:26,https://video.dmm.co.jp/av/content/?id=pgd00279,https://al.fanza.co.jp/?lurl=https%3A%2F%2Fvideo.dmm.co.jp%2Fav%2Fcontent%2F%3Fid%3Dpgd00279&af_id=okd0405-990&ch=api,,,,単体作品 / 手コキ / シックスナイン / 3P・4P / デジモ / 独占配信 / 顔面騎乗
bf00032,bf00032,digital,videoa,家庭教師 密室Secret Study,2009-05-07 10:00:25,https://video.dmm.co.jp/av/content/?id=bf00032,https://al.fanza.co.jp/?lurl=https%3A%2F%2Fvideo.dmm.co.jp%2Fav%2Fcontent%2F%3Fid%3Dbf00032&af_id=okd0405-990&ch=api,,,,独占配信 / 家庭教師 / 騎乗位 / 潮吹き / 顔射
jusd00201,jusd00201,digital,videoa,牧原れい子スペシャル8時間,2009-05-07 10:00:24,https://video.dmm.co.jp/av/content/?id=jusd00201,https://al.fanza.co.jp/?lurl=https%3A%2F%2Fvideo.dmm.co.jp%2Fav%2Fcontent%2F%3Fid%3Djusd00201&af_id=okd0405-990&ch=api,,,,熟女 / 騎乗位 / デジモ / 独占配信 / 単体作品 / 女優ベスト・総集編
rbd00147,rbd00147,digital,videoa,貞操帯の女9 灘坂舞,2009-05-07 10:00:23,https://video.dmm.co.jp/av/content/?id=rbd00147,https://al.fanza.co.jp/?lurl=https%3A%2F%2Fvideo.dmm.co.jp%2Fav%2Fcontent%2F%3Fid%3Drbd00147&af_id=okd0405-990&ch=api,,,,人妻・主婦 / 巨乳 / 騎乗位 / 独占配信 / 単体作品
opud00072,opud00072,digital,videoa,初めてのカマレズ射精 上原さゆり 平梨もも,2009-05-07 10:00:22,https://video.dmm.co.jp/av/content/?id=opud00072,https://al.fanza.co.jp/?lurl=https%3A%2F%2Fvideo.dmm.co.jp%2Fav%2Fcontent%2F%3Fid%3Dopud00072&af_id=okd0405-990&ch=api,,,,独占配信 / ニューハーフ / 3P・4P / デジモ
apaa00039,apaa00039,digital,videoa,スゴ～く！制服の似合う素敵な娘 茶緒,2009-05-07 10:00:21,https://video.dmm.co.jp/av/content/?id=apaa00039,https://al.fanza.co.jp/?lurl=https%3A%2F%2Fvideo.dmm.co.jp%2Fav%2Fcontent%2F%3Fid%3Dapaa00039&af_id=okd0405-990&ch=api,,,,制服 / 騎乗位 / 顔射 / ハメ撮り / デジモ / 単体作品
tcd00020,tcd00020,digital,videoa,射精するニューハーフWソープ,2009-05-07 10:00:20,https://video.dmm.co.jp/av/content/?id=tcd00020,https://al.fanza.co.jp/?lurl=https%3A%2F%2Fvideo.dmm.co.jp%2Fav%2Fcontent%2F%3Fid%3Dtcd00020&af_id=okd0405-990&ch=api,,,,その他フェチ / ニューハーフ / アナル
pbd00050,pbd00050,digital,videoa,如月カレンBEST8時間プレミアム,2009-05-07 10:00:19,https://video.dmm.co.jp/av/content/?id=pbd00050,https://al.fanza.co.jp/?lurl=https%3A%2F%2Fvideo.dmm.co.jp%2Fav%2Fcontent%2F%3Fid%3Dpbd00050&af_id=okd0405-990&ch=api,,,,騎乗位 / 3P・4P / デジモ / 独占配信 / 単体作品 / 女優ベスト・総集編
bf00036,bf00036,digital,videoa,スチュワーデス 美尻汚し,2009-05-07 10:00:18,https://video.dmm.co.jp/av/content/?id=bf00036,https://al.fanza.co.jp/?lurl=https%3A%2F%2Fvideo.dmm.co.jp%2Fav%2Fcontent%2F%3Fid%3Dbf00036&af_id=okd0405-990&ch=api,,,,独占配信 / スチュワーデス / パンスト・タイツ / 尻フェチ / 足コキ
juc00080,juc00080,digital,videoa,妻の親友 佐藤美紀,2009-05-07 10:00:17,https://video.dmm.co.jp/av/content/?id=juc00080,https://al.fanza.co.jp/?lurl=https%3A%2F%2Fvideo.dmm.co.jp%2Fav%2Fcontent%2F%3Fid%3Djuc00080&af_id=okd0405-990&ch=api,,,,単体作品 / 熟女 / 巨乳 / 騎乗位 / デジモ / 独占配信
soe00209,soe00209,digital,videoa,ギリモザ バコバコ乱交 Ami,2009-05-07 10:00:16,https://video.dmm.co.jp/av/content/?id=soe00209,https://al.fanza.co.jp/?lurl=https%3A%2F%2Fvideo.dmm.co.jp%2Fav%2Fcontent%2F%3Fid%3Dsoe00209&af_id=okd0405-990&ch=api,,,,乱交 / 騎乗位 / ぶっかけ / 潮吹き / ギリモザ / 独占配信 / 単体作品
shkd00364,shkd00364,digital,videoa,美人秘書 奪われた微笑み 岬リサ×鈴木杏里,2009-05-07 10:00:13,https://video.dmm.co.jp/av/content/?id=shkd00364,https://al.fanza.co.jp/?lurl=https%3A%2F%2Fvideo.dmm.co.jp%2Fav%2Fcontent%2F%3Fid%3Dshkd00364&af_id=okd0405-990&ch=api,,,,秘書 / 顔射 / 独占配信
soe00210,soe00210,digital,videoa,ギリモザ 交わる体液、濃密セックス 雨宮琴音,2009-05-07 10:00:12,https://video.dmm.co.jp/av/content/?id=soe00210,https://al.fanza.co.jp/?lurl=https%3A%2F%2Fvideo.dmm.co.jp%2Fav%2Fcontent%2F%3Fid%3Dsoe00210&af_id=okd0405-990&ch=api,,,,潮吹き / シックスナイン / 顔射 / ギリモザ / 独占配信 / 単体作品
15ked00002,15ked00002,digital,videoa,女子大生かずみ19歳を24時間むさぼる。,2009-05-07 10:00:11,https://video.dmm.co.jp/av/content/?id=15ked00002,https://al.fanza.co.jp/?lurl=https%3A%2F%2Fvideo.dmm.co.jp%2Fav%2Fcontent%2F%3Fid%3D15ked00002&af_id=okd0405-990&ch=api,,,,独占配信 / 女子大生 / 巨乳 / 中出し / 放尿・お漏らし
shkd00366,shkd00366,digital,videoa,女教師・堕ちるまで… きこうでんみさ 春風えみ,2009-05-07 10:00:09,https://video.dmm.co.jp/av/content/?id=shkd00366,https://al.fanza.co.jp/?lurl=https%3A%2F%2Fvideo.dmm.co.jp%2Fav%2Fcontent%2F%3Fid%3Dshkd00366&af_id=okd0405-990&ch=api,,,,独占配信 / 拘束 / 女教師 / めがね / 3P・4P / 顔射
juc00081,juc00081,digital,videoa,義父に犯●れて… 美嫁いぢり 小島遊恋,2009-05-07 10:00:08,https://video.dmm.co.jp/av/content/?id=juc00081,https://al.fanza.co.jp/?lurl=https%3A%2F%2Fvideo.dmm.co.jp%2Fav%2Fcontent%2F%3Fid%3Djuc00081&af_id=okd0405-990&ch=api,,,,単体作品 / 独占配信 / 熟女 / 人妻・主婦 / 騎乗位 / デジモ
juc00077,juc00077,digital,videoa,堕ちた万引き妻 逃避の肉奴凌● 村上涼子,2009-05-07 10:00:07,https://video.dmm.co.jp/av/content/?id=juc00077,https://al.fanza.co.jp/?lurl=https%3A%2F%2Fvideo.dmm.co.jp%2Fav%2Fcontent%2F%3Fid%3Djuc00077&af_id=okd0405-990&ch=api,,,,単体作品 / 独占配信 / 辱め / 熟女 / 人妻・主婦 / 3P・4P / デジモ
rbd00150,rbd00150,digital,videoa,完全崩壊家族 松下桃香,2009-05-07 10:00:06,https://video.dmm.co.jp/av/content/?id=rbd00150,https://al.fanza.co.jp/?lurl=https%3A%2F%2Fvideo.dmm.co.jp%2Fav%2Fcontent%2F%3Fid%3Drbd00150&af_id=okd0405-990&ch=api,,,,拘束 / レズビアン / 独占配信 / 単体作品
apak00010,apak00010,digital,videoa,私の性日記 新垣あき,2009-05-07 10:00:05,https://video.dmm.co.jp/av/content/?id=apak00010,https://al.fanza.co.jp/?lurl=https%3A%2F%2Fvideo.dmm.co.jp%2Fav%2Fcontent%2F%3Fid%3Dapak00010&af_id=okd0405-990&ch=api,,,,デジモ / ハメ撮り / 騎乗位 / 単体作品 / セーラー服 / 女子校生
jufd00063,jufd00063,digital,videoa,溢れだす美熟女の泉 ～長身のおもらし義姉さん・のぞみ～ 一戸のぞみ,2009-05-07 10:00:03,https://video.dmm.co.jp/av/content/?id=jufd00063,https://al.fanza.co.jp/?lurl=https%3A%2F%2Fvideo.dmm.co.jp%2Fav%2Fcontent%2F%3Fid%3Djufd00063&af_id=okd0405-990&ch=api,,,,単体作品 / 長身 / 放尿・お漏らし / 潮吹き / パイズリ / 独占配信 / 熟女
juc00079,juc00079,digital,videoa,母さんとしたい！ 滝川絵理子,2009-05-07 10:00:02,https://video.dmm.co.jp/av/content/?id=juc00079,https://al.fanza.co.jp/?lurl=https%3A%2F%2Fvideo.dmm.co.jp%2Fav%2Fcontent%2F%3Fid%3Djuc00079&af_id=okd0405-990&ch=api,,,,単体作品 / 独占配信 / 熟女 / お母さん / 近親相姦 / 騎乗位 / デジモ
juc00078,juc00078,digital,videoa,銭湯の看板女将はお熱いのがお好き 山口珠理,2009-05-07 10:00:01,https://video.dmm.co.jp/av/content/?id=juc00078,https://al.fanza.co.jp/?lurl=https%3A%2F%2Fvideo.dmm.co.jp%2Fav%2Fcontent%2F%3Fid%3Djuc00078&af_id=okd0405-990&ch=api,,,,単体作品 / 独占配信 / 女将・女主人 / 熟女 / 騎乗位 / デジモ
soe00211,soe00211,digital,videoa,レ●プ×ギリモザ 犯●れた女教師 倉咲ゆう,2009-05-07 10:00:00,https://video.dmm.co.jp/av/content/?id=soe00211,https://al.fanza.co.jp/?lurl=https%3A%2F%2Fvideo.dmm.co.jp%2Fav%2Fcontent%2F%3Fid%3Dsoe00211&af_id=okd0405-990&ch=api,,,,辱め / 女教師 / 3P・4P / ギリモザ / 独占配信 / 単体作品
shkd00365,shkd00365,digital,videoa,偽りの愛情 若妻に刻まれる傷跡 シャンドン萌,2009-05-07 10:00:00,https://video.dmm.co.jp/av/content/?id=shkd00365,https://al.fanza.co.jp/?lurl=https%3A%2F%2Fvideo.dmm.co.jp%2Fav%2Fcontent%2F%3Fid%3Dshkd00365&af_id=okd0405-990&ch=api,,,,若妻・幼妻 / 単体作品 / 3P・4P / 顔射 / 独占配信
rbd00149,rbd00149,digital,videoa,凌●介護ヘルパー 私、頑張れるかな… 百華リオン 水森れん,2009-05-07 10:00:00,https://video.dmm.co.jp/av/content/?id=rbd00149,https://al.fanza.co.jp/?lurl=https%3A%2F%2Fvideo.dmm.co.jp%2Fav%2Fcontent%2F%3Fid%3Drbd00149&af_id=okd0405-990&ch=api,,,,拘束 / 辱め / 職業色々 / 巨乳 / 独占配信
pgd00283,pgd00283,digital,videoa,ハイパープレミア顔射！ミリアSPECIAL,2009-05-07 10:00:00,https://video.dmm.co.jp/av/content/?id=pgd00283,https://al.fanza.co.jp/?lurl=https%3A%2F%2Fvideo.dmm.co.jp%2Fav%2Fcontent%2F%3Fid%3Dpgd00283&af_id=okd0405-990&ch=api,,,,単体作品 / 騎乗位 / 3P・4P / 顔射 / デジモ / 独占配信
pbd00051,pbd00051,digital,videoa,極上グラマラスボディBEST8時間スペシャル,2009-05-07 10:00:00,https://video.dmm.co.jp/av/content/?id=pbd00051,https://al.fanza.co.jp/?lurl=https%3A%2F%2Fvideo.dmm.co.jp%2Fav%2Fcontent%2F%3Fid%3Dpbd00051&af_id=okd0405-990&ch=api,,,,巨乳 / 騎乗位 / ベスト・総集編 / 独占配信 / デジモ
pbd00049,pbd00049,digital,videoa,2008年下半期 プレミアム傑作選,2009-05-07 10:00:00,https://video.dmm.co.jp/av/content/?id=pbd00049,https://al.fanza.co.jp/?lurl=https%3A%2F%2Fvideo.dmm.co.jp%2Fav%2Fcontent%2F%3Fid%3Dpbd00049&af_id=okd0405-990&ch=api,,,,独占配信 / 騎乗位 / パイズリ / ベスト・総集編 / デジモ
opsd00021,opsd00021,digital,videoa,最高のシーメール10人BEST4時間,2009-05-07 10:00:00,https://video.dmm.co.jp/av/content/?id=opsd00021,https://al.fanza.co.jp/?lurl=https%3A%2F%2Fvideo.dmm.co.jp%2Fav%2Fcontent%2F%3Fid%3Dopsd00021&af_id=okd0405-990&ch=api,,,,独占配信 / ニューハーフ / ベスト・総集編 / デジモ
onsd00319,onsd00319,digital,videoa,むにゅむにゅオッパイがいっパ～イ4時間,2009-05-07 10:00:00,https://video.dmm.co.jp/av/content/?id=onsd00319,https://al.fanza.co.jp/?lurl=https%3A%2F%2Fvideo.dmm.co.jp%2Fav%2Fcontent%2F%3Fid%3Donsd00319&af_id=okd0405-990&ch=api,,,,独占配信 / 巨乳 / 巨乳フェチ / パイズリ
onsd00318,onsd00318,digital,videoa,S級女優に一撃！ものすごい顔射4時間 6,2009-05-07 10:00:00,https://video.dmm.co.jp/av/content/?id=onsd00318,https://al.fanza.co.jp/?lurl=https%3A%2F%2Fvideo.dmm.co.jp%2Fav%2Fcontent%2F%3Fid%3Donsd00318&af_id=okd0405-990&ch=api,,,,独占配信 / その他フェチ / 顔射
onsd00317,onsd00317,digital,videoa,激しく自ら腰振りFUCK4時間 3,2009-05-07 10:00:00,https://video.dmm.co.jp/av/content/?id=onsd00317,https://al.fanza.co.jp/?lurl=https%3A%2F%2Fvideo.dmm.co.jp%2Fav%2Fcontent%2F%3Fid%3Donsd00317&af_id=okd0405-990&ch=api,,,,独占配信 / 巨乳 / その他フェチ / 騎乗位
mpan00002,mpan00002,digital,videoa,セフレ個人撮り 女子大生はる,2009-05-07 10:00:00,https://video.dmm.co.jp/av/content/?id=mpan00002,https://al.fanza.co.jp/?lurl=https%3A%2F%2Fvideo.dmm.co.jp%2Fav%2Fcontent%2F%3Fid%3Dmpan00002&af_id=okd0405-990&ch=api,,,,ハメ撮り / 女子大生 / 素人
mpan00001,mpan00001,digital,videoa,セフレ個人撮り 現役OLミキ,2009-05-07 10:00:00,https://video.dmm.co.jp/av/content/?id=mpan00001,https://al.fanza.co.jp/?lurl=https%3A%2F%2Fvideo.dmm.co.jp%2Fav%2Fcontent%2F%3Fid%3Dmpan00001&af_id=okd0405-990&ch=api,,,,ハメ撮り / 巨乳 / OL / 素人
kkad00006,kkad00006,digital,videoa,浣腸ガマンゲーム！噴出しまくり総集編,2009-05-07 10:00:00,https://video.dmm.co.jp/av/content/?id=kkad00006,https://al.fanza.co.jp/?lurl=https%3A%2F%2Fvideo.dmm.co.jp%2Fav%2Fcontent%2F%3Fid%3Dkkad00006&af_id=okd0405-990&ch=api,,,,独占配信 / 羞恥 / 企画 / 浣腸 / ベスト・総集編
kkad00005,kkad00005,digital,videoa,集団痴女が男を●す◆学校＆病院編4時間,2009-05-07 10:00:00,https://video.dmm.co.jp/av/content/?id=kkad00005,https://al.fanza.co.jp/?lurl=https%3A%2F%2Fvideo.dmm.co.jp%2Fav%2Fcontent%2F%3Fid%3Dkkad00005&af_id=okd0405-990&ch=api,,,,独占配信 / 看護婦・ナース / 痴女 / 淫語 / ベスト・総集編
jusd00202,jusd00202,digital,videoa,禁断の愛情総集編4時間 3,2009-05-07 10:00:00,https://video.dmm.co.jp/av/content/?id=jusd00202,https://al.fanza.co.jp/?lurl=https%3A%2F%2Fvideo.dmm.co.jp%2Fav%2Fcontent%2F%3Fid%3Djusd00202&af_id=okd0405-990&ch=api,,,,独占配信 / 熟女 / 近親相姦 / ベスト・総集編 / デジモ
juc00083,juc00083,digital,videoa,新・素人人妻ナンパ30 ～バブルよもう一度！！昼のザギン・夜のギロッポン4時間SPECIAL～,2009-05-07 10:00:00,https://video.dmm.co.jp/av/content/?id=juc00083,https://al.fanza.co.jp/?lurl=https%3A%2F%2Fvideo.dmm.co.jp%2Fav%2Fcontent%2F%3Fid%3Djuc00083&af_id=okd0405-990&ch=api,,,,独占配信 / 人妻・主婦 / ナンパ / 素人 / デジモ / 熟女
juc00082,juc00082,digital,videoa,不倫中毒の妻、鑑賞する夫 羽鳥澄香,2009-05-07 10:00:00,https://video.dmm.co.jp/av/content/?id=juc00082,https://al.fanza.co.jp/?lurl=https%3A%2F%2Fvideo.dmm.co.jp%2Fav%2Fcontent%2F%3Fid%3Djuc00082&af_id=okd0405-990&ch=api,,,,単体作品 / 独占配信 / 熟女 / 不倫 / 騎乗位 / シックスナイン / デジモ
juc00076,juc00076,digital,videoa,母子入浴相姦 加山なつ子,2009-05-07 10:00:00,https://video.dmm.co.jp/av/content/?id=juc00076,https://al.fanza.co.jp/?lurl=https%3A%2F%2Fvideo.dmm.co.jp%2Fav%2Fcontent%2F%3Fid%3Djuc00076&af_id=okd0405-990&ch=api,,,,単体作品 / 独占配信 / 熟女 / 近親相姦 / 騎乗位 / パイズリ / デジモ
jfb00006,jfb00006,digital,videoa,匂いたつパンストの誘惑BEST4時間,2009-05-07 10:00:00,https://video.dmm.co.jp/av/content/?id=jfb00006,https://al.fanza.co.jp/?lurl=https%3A%2F%2Fvideo.dmm.co.jp%2Fav%2Fcontent%2F%3Fid%3Djfb00006&af_id=okd0405-990&ch=api,,,,熟女 / パンスト・タイツ / 騎乗位 / ベスト・総集編 / 独占配信
h_086soul00012,h_086soul00012,digital,videoa,万引き主婦 浅倉彩音,2009-05-07 10:00:00,https://video.dmm.co.jp/av/content/?id=h_086soul00012,https://al.fanza.co.jp/?lurl=https%3A%2F%2Fvideo.dmm.co.jp%2Fav%2Fcontent%2F%3Fid%3Dh_086soul00012&af_id=okd0405-990&ch=api,,,,単体作品 / 騎乗位 / 3P・4P / 中出し / 人妻・主婦
h_086skss00028,h_086skss00028,digital,videoa,近親相姦母子熱愛 真波紫乃,2009-05-07 10:00:00,https://video.dmm.co.jp/av/content/?id=h_086skss00028,https://al.fanza.co.jp/?lurl=https%3A%2F%2Fvideo.dmm.co.jp%2Fav%2Fcontent%2F%3Fid%3Dh_086skss00028&af_id=okd0405-990&ch=api,,,,単体作品 / 中出し / 近親相姦 / お母さん / 熟女 / 指マン
h_086skss00027,h_086skss00027,digital,videoa,近親相姦母子熱愛 宮田かおる,2009-05-07 10:00:00,https://video.dmm.co.jp/av/content/?id=h_086skss00027,https://al.fanza.co.jp/?lurl=https%3A%2F%2Fvideo.dmm.co.jp%2Fav%2Fcontent%2F%3Fid%3Dh_086skss00027&af_id=okd0405-990&ch=api,,,,単体作品 / 近親相姦 / 中出し / 熟女 / お母さん / 騎乗位
h_086sika00014,h_086sika00014,digital,videoa,近親相姦 五十路の母 福田信子,2009-05-07 10:00:00,https://video.dmm.co.jp/av/content/?id=h_086sika00014,https://al.fanza.co.jp/?lurl=https%3A%2F%2Fvideo.dmm.co.jp%2Fav%2Fcontent%2F%3Fid%3Dh_086sika00014&af_id=okd0405-990&ch=api,,,,単体作品 / 中出し / 熟女 / フェラ / 手コキ / お母さん
h_086jrzd00114,h_086jrzd00114,digital,videoa,初撮り人妻ドキュメント 津久井洋子,2009-05-07 10:00:00,https://video.dmm.co.jp/av/content/?id=h_086jrzd00114,https://al.fanza.co.jp/?lurl=https%3A%2F%2Fvideo.dmm.co.jp%2Fav%2Fcontent%2F%3Fid%3Dh_086jrzd00114&af_id=okd0405-990&ch=api,,,,単体作品 / 騎乗位 / 中出し / 熟女 / 巨乳 / 人妻・主婦
h_086jrzd00113,h_086jrzd00113,digital,videoa,初撮り五十路妻ドキュメント 青山留美,2009-05-07 10:00:00,https://video.dmm.co.jp/av/content/?id=h_086jrzd00113,https://al.fanza.co.jp/?lurl=https%3A%2F%2Fvideo.dmm.co.jp%2Fav%2Fcontent%2F%3Fid%3Dh_086jrzd00113&af_id=okd0405-990&ch=api,,,,単体作品 / 中出し / ローション・オイル / 電マ / 熟女 / 人妻・主婦
cwul001,cwul001,digital,videoa,ロ○ータトイレ盗撮,2009-05-07 10:00:00,https://video.dmm.co.jp/av/content/?id=cwul001,https://al.fanza.co.jp/?lurl=https%3A%2F%2Fvideo.dmm.co.jp%2Fav%2Fcontent%2F%3Fid%3Dcwul001&af_id=okd0405-990&ch=api,,,,インディーズ / 放尿・お漏らし / 盗撮・のぞき / ミニ系
bf00035,bf00035,digital,videoa,OLのいけない昼休み,2009-05-07 10:00:00,https://video.dmm.co.jp/av/content/?id=bf00035,https://al.fanza.co.jp/?lurl=https%3A%2F%2Fvideo.dmm.co.jp%2Fav%2Fcontent%2F%3Fid%3Dbf00035&af_id=okd0405-990&ch=api,,,,独占配信 / OL / 素人 / ぶっかけ / 指マン
bf00034,bf00034,digital,videoa,夫には内緒で… エロに貧欲な小悪魔美女,2009-05-07 10:00:00,https://video.dmm.co.jp/av/content/?id=bf00034,https://al.fanza.co.jp/?lurl=https%3A%2F%2Fvideo.dmm.co.jp%2Fav%2Fcontent%2F%3Fid%3Dbf00034&af_id=okd0405-990&ch=api,,,,独占配信 / 若妻・幼妻 / 人妻・主婦 / 不倫 / 騎乗位 / 潮吹き
azsd00021,azsd00021,digital,videoa,熱帯 濡れた監禁 女探偵 神楽明日香 鈴木早智子,2009-05-07 10:00:00,https://video.dmm.co.jp/av/content/?id=azsd00021,https://al.fanza.co.jp/?lurl=https%3A%2F%2Fvideo.dmm.co.jp%2Fav%2Fcontent%2F%3Fid%3Dazsd00021&af_id=okd0405-990&ch=api,,,,ドラマ / 独占配信 / 単体作品
atkd00136,atkd00136,digital,videoa,夫の目の前で犯●れて- BEST 7,2009-05-07 10:00:00,https://video.dmm.co.jp/av/content/?id=atkd00136,https://al.fanza.co.jp/?lurl=https%3A%2F%2Fvideo.dmm.co.jp%2Fav%2Fcontent%2F%3Fid%3Datkd00136&af_id=okd0405-990&ch=api,,,,独占配信 / 人妻・主婦 / ベスト・総集編
atad00064,atad00064,digital,videoa,ATTACKERS Anthology.2008,2009-05-07 10:00:00,https://video.dmm.co.jp/av/content/?id=atad00064,https://al.fanza.co.jp/?lurl=https%3A%2F%2Fvideo.dmm.co.jp%2Fav%2Fcontent%2F%3Fid%3Datad00064&af_id=okd0405-990&ch=api,,,,独占配信 / 拘束 / SM / ベスト・総集編
aa472,aa472,digital,videoa,セーラーズ倶楽部 5,2009-05-07 10:00:00,https://video.dmm.co.jp/av/content/?id=aa472,https://al.fanza.co.jp/?lurl=https%3A%2F%2Fvideo.dmm.co.jp%2Fav%2Fcontent%2F%3Fid%3Daa472&af_id=okd0405-990&ch=api,,,,3P・4P / オナニー / 学生服 / セーラー服 / 女子校生
84rokad00193,84rokad00193,digital,videoa,素人コギャルHEAVEN 4時間 NEO 8,2009-05-07 10:00:00,https://video.dmm.co.jp/av/content/?id=84rokad00193,https://al.fanza.co.jp/?lurl=https%3A%2F%2Fvideo.dmm.co.jp%2Fav%2Fcontent%2F%3Fid%3D84rokad00193&af_id=okd0405-990&ch=api,,,,素人 / 巨乳 / ギャル
18ugdm00004,18ugdm00004,digital,videoa,ママデリバリー 第四夜 じゅん【44歳】,2009-05-07 10:00:00,https://video.dmm.co.jp/av/content/?id=18ugdm00004,https://al.fanza.co.jp/?lurl=https%3A%2F%2Fvideo.dmm.co.jp%2Fav%2Fcontent%2F%3Fid%3D18ugdm00004&af_id=okd0405-990&ch=api,,,,キャバ嬢・風俗嬢 / 熟女 / デジモ
18sprd00285,18sprd00285,digital,videoa,たびじ 母と子 藤木静子,2009-05-07 10:00:00,https://video.dmm.co.jp/av/content/?id=18sprd00285,https://al.fanza.co.jp/?lurl=https%3A%2F%2Fvideo.dmm.co.jp%2Fav%2Fcontent%2F%3Fid%3D18sprd00285&af_id=okd0405-990&ch=api,,,,人妻・主婦 / 単体作品 / 騎乗位 / デジモ
18sprd00284,18sprd00284,digital,videoa,カノジョのママは、超爆乳。 時越芙美江,2009-05-07 10:00:00,https://video.dmm.co.jp/av/content/?id=18sprd00284,https://al.fanza.co.jp/?lurl=https%3A%2F%2Fvideo.dmm.co.jp%2Fav%2Fcontent%2F%3Fid%3D18sprd00284&af_id=okd0405-990&ch=api,,,,デジモ / 単体作品 / 巨乳 / 人妻・主婦 / 熟女
18sprd00282,18sprd00282,digital,videoa,母親に甘えてみたい夜もある 矢沢美奈,2009-05-07 10:00:00,https://video.dmm.co.jp/av/content/?id=18sprd00282,https://al.fanza.co.jp/?lurl=https%3A%2F%2Fvideo.dmm.co.jp%2Fav%2Fcontent%2F%3Fid%3D18sprd00282&af_id=okd0405-990&ch=api,,,,単体作品 / 騎乗位 / 熟女 / 近親相姦 / デジモ
18shig00002,18shig00002,digital,videoa,はじめてのおかあさん2 光月涼子,2009-05-07 10:00:00,https://video.dmm.co.jp/av/content/?id=18shig00002,https://al.fanza.co.jp/?lurl=https%3A%2F%2Fvideo.dmm.co.jp%2Fav%2Fcontent%2F%3Fid%3D18shig00002&af_id=okd0405-990&ch=api,,,,単体作品 / 熟女 / お母さん / 騎乗位 / デジモ / デビュー作品
18shig00001,18shig00001,digital,videoa,はじめてのおかあさん1 安村玲美,2009-05-07 10:00:00,https://video.dmm.co.jp/av/content/?id=18shig00001,https://al.fanza.co.jp/?lurl=https%3A%2F%2Fvideo.dmm.co.jp%2Fav%2Fcontent%2F%3Fid%3D18shig00001&af_id=okd0405-990&ch=api,,,,単体作品 / お母さん / ぽっちゃり / デジモ / デビュー作品 / 熟女
18momj00033,18momj00033,digital,videoa,人妻アナル離婚 高坂保奈美,2009-05-07 10:00:00,https://video.dmm.co.jp/av/content/?id=18momj00033,https://al.fanza.co.jp/?lurl=https%3A%2F%2Fvideo.dmm.co.jp%2Fav%2Fcontent%2F%3Fid%3D18momj00033&af_id=okd0405-990&ch=api,,,,単体作品 / アナル / デジモ / 人妻・主婦
18jksp00015,18jksp00015,digital,videoa,超本格美熟女近親愛蔵盤 息子と済ませた母親達 4,2009-05-07 10:00:00,https://video.dmm.co.jp/av/content/?id=18jksp00015,https://al.fanza.co.jp/?lurl=https%3A%2F%2Fvideo.dmm.co.jp%2Fav%2Fcontent%2F%3Fid%3D18jksp00015&af_id=okd0405-990&ch=api,,,,デジモ / ベスト・総集編 / 騎乗位 / 近親相姦 / 熟女
18alsp00020,18alsp00020,digital,videoa,近親相姦ベスト10人 十人十色の背徳艶戯,2009-05-07 10:00:00,https://video.dmm.co.jp/av/content/?id=18alsp00020,https://al.fanza.co.jp/?lurl=https%3A%2F%2Fvideo.dmm.co.jp%2Fav%2Fcontent%2F%3Fid%3D18alsp00020&af_id=okd0405-990&ch=api,,,,ベスト・総集編 / 騎乗位 / 近親相姦 / 熟女 / デジモ
15mozd29,15mozd29,digital,videoa,ぬるぬる 明乃夕奈,2009-05-07 10:00:00,https://video.dmm.co.jp/av/content/?id=15mozd29,https://al.fanza.co.jp/?lurl=https%3A%2F%2Fvideo.dmm.co.jp%2Fav%2Fcontent%2F%3Fid%3D15mozd29&af_id=okd0405-990&ch=api,,,,巨乳 / 裸エプロン / 単体作品 / クスコ / 3P・4P
15ked00001,15ked00001,digital,videoa,OLみき24歳を24時間むさぼる。,2009-05-07 10:00:00,https://video.dmm.co.jp/av/content/?id=15ked00001,https://al.fanza.co.jp/?lurl=https%3A%2F%2Fvideo.dmm.co.jp%2Fav%2Fcontent%2F%3Fid%3D15ked00001&af_id=okd0405-990&ch=api,,,,美乳 / OL / 中出し / 放尿・お漏らし
15htd02,15htd02,digital,videoa,妻コレクション 不倫編,2009-05-07 10:00:00,https://video.dmm.co.jp/av/content/?id=15htd02,https://al.fanza.co.jp/?lurl=https%3A%2F%2Fvideo.dmm.co.jp%2Fav%2Fcontent%2F%3Fid%3D15htd02&af_id=okd0405-990&ch=api,,,,人妻・主婦 / 和服・浴衣 / 縛り・緊縛 / パイパン / 野外・露出
15godd00002,15godd00002,digital,videoa,外人エロてんこ盛り ポルノ入門編,2009-05-07 10:00:00,https://video.dmm.co.jp/av/content/?id=15godd00002,https://al.fanza.co.jp/?lurl=https%3A%2F%2Fvideo.dmm.co.jp%2Fav%2Fcontent%2F%3Fid%3D15godd00002&af_id=okd0405-990&ch=api,,,,巨乳 / 白人女優 / 洋ピン・海外輸入
15erod081,15erod081,digital,videoa,ダブル・デライト ＃2,2009-05-07 10:00:00,https://video.dmm.co.jp/av/content/?id=15erod081,https://al.fanza.co.jp/?lurl=https%3A%2F%2Fvideo.dmm.co.jp%2Fav%2Fcontent%2F%3Fid%3D15erod081&af_id=okd0405-990&ch=api,,,,アナル / 3P・4P / ランジェリー / 洋ピン・海外輸入
15dsui00037,15dsui00037,digital,videoa,酔娘伝 第五章 呑めや唄えや！膣内射精！,2009-05-07 10:00:00,https://video.dmm.co.jp/av/content/?id=15dsui00037,https://al.fanza.co.jp/?lurl=https%3A%2F%2Fvideo.dmm.co.jp%2Fav%2Fcontent%2F%3Fid%3D15dsui00037&af_id=okd0405-990&ch=api,,,,素人 / 騎乗位 / 中出し / 独占配信 / 女子大生
15dsui00036,15dsui00036,digital,videoa,酔娘伝 第四章 酒乱女アルコール漬け制裁,2009-05-07 10:00:00,https://video.dmm.co.jp/av/content/?id=15dsui00036,https://al.fanza.co.jp/?lurl=https%3A%2F%2Fvideo.dmm.co.jp%2Fav%2Fcontent%2F%3Fid%3D15dsui00036&af_id=okd0405-990&ch=api,,,,独占配信 / OL / 巨乳 / 素人 / 中出し / 放尿・お漏らし
15dsd119,15dsd119,digital,videoa,ビッグ コック セダクションズ ＃17,2009-05-07 10:00:00,https://video.dmm.co.jp/av/content/?id=15dsd119,https://al.fanza.co.jp/?lurl=https%3A%2F%2Fvideo.dmm.co.jp%2Fav%2Fcontent%2F%3Fid%3D15dsd119&af_id=okd0405-990&ch=api,,,,洋ピン・海外輸入 / アナル / 黒人男優
15dsd107,15dsd107,digital,videoa,クレイヴィング・ビッグ・コックス,2009-05-07 10:00:00,https://video.dmm.co.jp/av/content/?id=15dsd107,https://al.fanza.co.jp/?lurl=https%3A%2F%2Fvideo.dmm.co.jp%2Fav%2Fcontent%2F%3Fid%3D15dsd107&af_id=okd0405-990&ch=api,,,,単体作品 / 洋ピン・海外輸入 / 巨乳 / スレンダー / 3P・4P
15ald00228,15ald00228,digital,videoa,素人露出倶楽部 31スポット,2009-05-07 10:00:00,https://video.dmm.co.jp/av/content/?id=15ald00228,https://al.fanza.co.jp/?lurl=https%3A%2F%2Fvideo.dmm.co.jp%2Fav%2Fcontent%2F%3Fid%3D15ald00228&af_id=okd0405-990&ch=api,,,,企画 / 野外・露出 / 素人
15ald00227,15ald00227,digital,videoa,ナマハメ危機一髪 ここまでヤレた人妻30人,2009-05-07 10:00:00,https://video.dmm.co.jp/av/content/?id=15ald00227,https://al.fanza.co.jp/?lurl=https%3A%2F%2Fvideo.dmm.co.jp%2Fav%2Fcontent%2F%3Fid%3D15ald00227&af_id=okd0405-990&ch=api,,,,妊婦 / 人妻・主婦 / 巨乳 / 企画 / 中出し
15ald00225,15ald00225,digital,videoa,車の中でハメました！ 23人！,2009-05-07 10:00:00,https://video.dmm.co.jp/av/content/?id=15ald00225,https://al.fanza.co.jp/?lurl=https%3A%2F%2Fvideo.dmm.co.jp%2Fav%2Fcontent%2F%3Fid%3D15ald00225&af_id=okd0405-990&ch=api,,,,熟女 / 人妻・主婦 / 企画 / 素人 / カーセックス
15ald00224,15ald00224,digital,videoa,ドスケベ美熟女30人 ベロキス 垂れ乳 熟れた尻,2009-05-07 10:00:00,https://video.dmm.co.jp/av/content/?id=15ald00224,https://al.fanza.co.jp/?lurl=https%3A%2F%2Fvideo.dmm.co.jp%2Fav%2Fcontent%2F%3Fid%3D15ald00224&af_id=okd0405-990&ch=api,,,,熟女 / お母さん / 人妻・主婦 / 近親相姦 / 義母
15aknd02,15aknd02,digital,videoa,ディープ インサイド ホール フォー フリークス！2,2009-05-07 10:00:00,https://video.dmm.co.jp/av/content/?id=15aknd02,https://al.fanza.co.jp/?lurl=https%3A%2F%2Fvideo.dmm.co.jp%2Fav%2Fcontent%2F%3Fid%3D15aknd02&af_id=okd0405-990&ch=api,,,,巨乳 / パイズリ / 3P・4P / デジモ
171knsd00012,171knsd00012,digital,videoa,続 飼育の地下室,2009-05-06 10:00:36,https://video.dmm.co.jp/av/content/?id=171knsd00012,https://al.fanza.co.jp/?lurl=https%3A%2F%2Fvideo.dmm.co.jp%2Fav%2Fcontent%2F%3Fid%3D171knsd00012&af_id=okd0405-990&ch=api,,,,単体作品 / 拘束
41bndv00590,41bndv00590,digital,videoa,ほしのみゆ大全集 2,2009-05-06 10:00:35,https://video.dmm.co.jp/av/content/?id=41bndv00590,https://al.fanza.co.jp/?lurl=https%3A%2F%2Fvideo.dmm.co.jp%2Fav%2Fcontent%2F%3Fid%3D41bndv00590&af_id=okd0405-990&ch=api,,,,騎乗位 / 野外・露出 / 3P・4P / 単体作品 / 女優ベスト・総集編
h_175dpss00002,h_175dpss00002,digital,videoa,SUPER JUICY AWABI SEASON II 止まらない痙攣と涙 残酷嬲りものアクメ 狂い泣く女子校生残酷哀歌 VOL.2,2009-05-06 10:00:34,https://video.dmm.co.jp/av/content/?id=h_175dpss00002,https://al.fanza.co.jp/?lurl=https%3A%2F%2Fvideo.dmm.co.jp%2Fav%2Fcontent%2F%3Fid%3Dh_175dpss00002&af_id=okd0405-990&ch=api,,,,単体作品 / 辱め / 電マ / 女子校生 / 拘束
172reca067r,172reca067r,digital,videoa,鬼イカセ S級女優 赤西涼,2009-05-06 10:00:33,https://video.dmm.co.jp/av/content/?id=172reca067r,https://al.fanza.co.jp/?lurl=https%3A%2F%2Fvideo.dmm.co.jp%2Fav%2Fcontent%2F%3Fid%3D172reca067r&af_id=okd0405-990&ch=api,,,,単体作品 / 潮吹き / 電マ / 拘束 / 指マン
171bwsd00038,171bwsd00038,digital,videoa,リアルドキュメント 真実の監禁調教 青山ありさ,2009-05-06 10:00:31,https://video.dmm.co.jp/av/content/?id=171bwsd00038,https://al.fanza.co.jp/?lurl=https%3A%2F%2Fvideo.dmm.co.jp%2Fav%2Fcontent%2F%3Fid%3D171bwsd00038&af_id=okd0405-990&ch=api,,,,単体作品 / ドキュメンタリー / 監禁
171mjsd00002,171mjsd00002,digital,videoa,M女狩り ほとり,2009-05-06 10:00:30,https://video.dmm.co.jp/av/content/?id=171mjsd00002,https://al.fanza.co.jp/?lurl=https%3A%2F%2Fvideo.dmm.co.jp%2Fav%2Fcontent%2F%3Fid%3D171mjsd00002&af_id=okd0405-990&ch=api,,,,SM / 縛り・緊縛 / 素人
49hedv00089,49hedv00089,digital,videoa,THE FUCK FUCK FUCK 肉棒ノンストップ激入編,2009-05-06 10:00:29,https://video.dmm.co.jp/av/content/?id=49hedv00089,https://al.fanza.co.jp/?lurl=https%3A%2F%2Fvideo.dmm.co.jp%2Fav%2Fcontent%2F%3Fid%3D49hedv00089&af_id=okd0405-990&ch=api,,,,巨乳
104shed00046,104shed00046,digital,videoa,ニューハーフ アスリート 君島可憐＆矢口リナ,2009-05-06 10:00:28,https://video.dmm.co.jp/av/content/?id=104shed00046,https://al.fanza.co.jp/?lurl=https%3A%2F%2Fvideo.dmm.co.jp%2Fav%2Fcontent%2F%3Fid%3D104shed00046&af_id=okd0405-990&ch=api,,,,アナル / 乱交 / 水着 / ニューハーフ
h_047at001,h_047at001,digital,videoa,GALナンパ Loveふんどし 中出し4時間DX,2009-05-06 10:00:27,https://video.dmm.co.jp/av/content/?id=h_047at001,https://al.fanza.co.jp/?lurl=https%3A%2F%2Fvideo.dmm.co.jp%2Fav%2Fcontent%2F%3Fid%3Dh_047at001&af_id=okd0405-990&ch=api,,,,電マ / 中出し / ナンパ / ギャル
23lr00010d,23lr00010d,digital,videoa,犯●れた若妻 調教レズレ●プ vol.10,2009-05-06 10:00:26,https://video.dmm.co.jp/av/content/?id=23lr00010d,https://al.fanza.co.jp/?lurl=https%3A%2F%2Fvideo.dmm.co.jp%2Fav%2Fcontent%2F%3Fid%3D23lr00010d&af_id=okd0405-990&ch=api,,,,拘束 / レズビアン
140c1195,140c1195,digital,videoa,jk 015 あい,2009-05-06 10:00:25,https://video.dmm.co.jp/av/content/?id=140c1195,https://al.fanza.co.jp/?lurl=https%3A%2F%2Fvideo.dmm.co.jp%2Fav%2Fcontent%2F%3Fid%3D140c1195&af_id=okd0405-990&ch=api,,,,女子校生 / セーラー服 / ランジェリー
59het549,59het549,digital,videoa,ミュウが素人ギャルをペロ拉致！！,2009-05-06 10:00:24,https://video.dmm.co.jp/av/content/?id=59het549,https://al.fanza.co.jp/?lurl=https%3A%2F%2Fvideo.dmm.co.jp%2Fav%2Fcontent%2F%3Fid%3D59het549&af_id=okd0405-990&ch=api,,,,ギャル / ナンパ / レズビアン / 素人 / 単体作品
171dbsd00004,171dbsd00004,digital,videoa,団地妻と隣人 4 清原桜,2009-05-06 10:00:23,https://video.dmm.co.jp/av/content/?id=171dbsd00004,https://al.fanza.co.jp/?lurl=https%3A%2F%2Fvideo.dmm.co.jp%2Fav%2Fcontent%2F%3Fid%3D171dbsd00004&af_id=okd0405-990&ch=api,,,,単体作品 / 熟女 / 人妻・主婦 / 3P・4P
171knsd00013,171knsd00013,digital,videoa,置き屋に堕ちた恩師の妻 Part.2 朝宮涼子,2009-05-06 10:00:22,https://video.dmm.co.jp/av/content/?id=171knsd00013,https://al.fanza.co.jp/?lurl=https%3A%2F%2Fvideo.dmm.co.jp%2Fav%2Fcontent%2F%3Fid%3D171knsd00013&af_id=okd0405-990&ch=api,,,,単体作品 / 和服・浴衣 / SM / 縛り・緊縛 / 人妻・主婦
104magd00007,104magd00007,digital,videoa,お姉さんが手コキとヨダレで優しくイカせてあげる！！ 熟女編,2009-05-06 10:00:21,https://video.dmm.co.jp/av/content/?id=104magd00007,https://al.fanza.co.jp/?lurl=https%3A%2F%2Fvideo.dmm.co.jp%2Fav%2Fcontent%2F%3Fid%3D104magd00007&af_id=okd0405-990&ch=api,,,,熟女 / 手コキ / 水着 / 巨乳 / 痴女
h_046kbkd00461,h_046kbkd00461,digital,videoa,近親相姦 田舎のお袋 吉岡奈々子 雪乃,2009-05-06 10:00:20,https://video.dmm.co.jp/av/content/?id=h_046kbkd00461,https://al.fanza.co.jp/?lurl=https%3A%2F%2Fvideo.dmm.co.jp%2Fav%2Fcontent%2F%3Fid%3Dh_046kbkd00461&af_id=okd0405-990&ch=api,,,,単体作品 / 中出し / 熟女 / 近親相姦 / お母さん
149rd279r,149rd279r,digital,videoa,ザ・カメラテスト 着替えたらお汁が溢れてきたよ コスプレすると感度が違うの！,2009-05-06 10:00:19,https://video.dmm.co.jp/av/content/?id=149rd279r,https://al.fanza.co.jp/?lurl=https%3A%2F%2Fvideo.dmm.co.jp%2Fav%2Fcontent%2F%3Fid%3D149rd279r&af_id=okd0405-990&ch=api,,,,コスプレ / クンニ / 騎乗位 / 職業色々
171apsd00005,171apsd00005,digital,videoa,アップル写真館投稿ビデオ ベスト・オブ・ベスト vol.5,2009-05-06 10:00:18,https://video.dmm.co.jp/av/content/?id=171apsd00005,https://al.fanza.co.jp/?lurl=https%3A%2F%2Fvideo.dmm.co.jp%2Fav%2Fcontent%2F%3Fid%3D171apsd00005&af_id=okd0405-990&ch=api,,,,ベスト・総集編 / 投稿 / 中出し / 素人
171dzsd00001,171dzsd00001,digital,videoa,獣道 VOL.01,2009-05-06 10:00:17,https://video.dmm.co.jp/av/content/?id=171dzsd00001,https://al.fanza.co.jp/?lurl=https%3A%2F%2Fvideo.dmm.co.jp%2Fav%2Fcontent%2F%3Fid%3D171dzsd00001&af_id=okd0405-990&ch=api,,,,女子大生 / 拘束 / 看護婦・ナース / アナルセックス
171hmsd00005,171hmsd00005,digital,videoa,素人人妻秘蜜倶楽部 VOL.5,2009-05-06 10:00:16,https://video.dmm.co.jp/av/content/?id=171hmsd00005,https://al.fanza.co.jp/?lurl=https%3A%2F%2Fvideo.dmm.co.jp%2Fav%2Fcontent%2F%3Fid%3D171hmsd00005&af_id=okd0405-990&ch=api,,,,熟女 / 人妻・主婦 / 素人
104mdhd00003,104mdhd00003,digital,videoa,発情熟女 アナル弄り,2009-05-06 10:00:13,https://video.dmm.co.jp/av/content/?id=104mdhd00003,https://al.fanza.co.jp/?lurl=https%3A%2F%2Fvideo.dmm.co.jp%2Fav%2Fcontent%2F%3Fid%3D104mdhd00003&af_id=okd0405-990&ch=api,,,,アナル / 巨乳 / 人妻・主婦
h_158tod75,h_158tod75,digital,videoa,本格レズ 三十路女ふたり旅ハード情交,2009-05-06 10:00:11,https://video.dmm.co.jp/av/content/?id=h_158tod75,https://al.fanza.co.jp/?lurl=https%3A%2F%2Fvideo.dmm.co.jp%2Fav%2Fcontent%2F%3Fid%3Dh_158tod75&af_id=okd0405-990&ch=api,,,,単体作品 / 3P・4P / 女将・女主人 / レズビアン
24hfd00006,24hfd00006,digital,videoa,童貞狩り×THE 4時間,2009-05-06 10:00:10,https://video.dmm.co.jp/av/content/?id=24hfd00006,https://al.fanza.co.jp/?lurl=https%3A%2F%2Fvideo.dmm.co.jp%2Fav%2Fcontent%2F%3Fid%3D24hfd00006&af_id=okd0405-990&ch=api,,,,痴女 / 巨乳 / 騎乗位 / 淫語 / ベスト・総集編
h_170vnds669,h_170vnds669,digital,videoa,熟女乱姦 其の四,2009-05-06 10:00:09,https://video.dmm.co.jp/av/content/?id=h_170vnds669,https://al.fanza.co.jp/?lurl=https%3A%2F%2Fvideo.dmm.co.jp%2Fav%2Fcontent%2F%3Fid%3Dh_170vnds669&af_id=okd0405-990&ch=api,,,,熟女 / 3P・4P / 騎乗位 / フェラ
h_167alx253,h_167alx253,digital,videoa,義母の乳汁 ミルクの甘い囁き,2009-05-06 10:00:08,https://video.dmm.co.jp/av/content/?id=h_167alx253,https://al.fanza.co.jp/?lurl=https%3A%2F%2Fvideo.dmm.co.jp%2Fav%2Fcontent%2F%3Fid%3Dh_167alx253&af_id=okd0405-990&ch=api,,,,義母 / 母乳 / 巨乳 / フェラ
434vacd007,434vacd007,digital,videoa,love，sex case ‘c’,2009-05-06 10:00:06,https://video.dmm.co.jp/av/content/?id=434vacd007,https://al.fanza.co.jp/?lurl=https%3A%2F%2Fvideo.dmm.co.jp%2Fav%2Fcontent%2F%3Fid%3D434vacd007&af_id=okd0405-990&ch=api,,,,指マン / バイブ / フェラ / ミニスカ / セーラー服
433mbd103,433mbd103,digital,videoa,追跡！街角透け下着 3,2009-05-06 10:00:05,https://video.dmm.co.jp/av/content/?id=433mbd103,https://al.fanza.co.jp/?lurl=https%3A%2F%2Fvideo.dmm.co.jp%2Fav%2Fcontent%2F%3Fid%3D433mbd103&af_id=okd0405-990&ch=api,,,,その他フェチ / ランジェリー / 盗撮・のぞき
57mc00612,57mc00612,digital,videoa,新・義母の寝室 弓絵の章,2009-05-06 10:00:04,https://video.dmm.co.jp/av/content/?id=57mc00612,https://al.fanza.co.jp/?lurl=https%3A%2F%2Fvideo.dmm.co.jp%2Fav%2Fcontent%2F%3Fid%3D57mc00612&af_id=okd0405-990&ch=api,,,,人妻・主婦 / 騎乗位 / クンニ / 近親相姦
52fe00187,52fe00187,digital,videoa,発情秘書 【変態志願】 5,2009-05-06 10:00:03,https://video.dmm.co.jp/av/content/?id=52fe00187,https://al.fanza.co.jp/?lurl=https%3A%2F%2Fvideo.dmm.co.jp%2Fav%2Fcontent%2F%3Fid%3D52fe00187&af_id=okd0405-990&ch=api,,,,秘書 / 痴女 / パンスト・タイツ / ミニスカ
181dse00411,181dse00411,digital,videoa,妄想熟女クリニック 彩名ゆい,2009-05-06 10:00:01,https://video.dmm.co.jp/av/content/?id=181dse00411,https://al.fanza.co.jp/?lurl=https%3A%2F%2Fvideo.dmm.co.jp%2Fav%2Fcontent%2F%3Fid%3D181dse00411&af_id=okd0405-990&ch=api,,,,単体作品 / 看護婦・ナース / 熟女 / 痴女 / 妄想
cjfl001,cjfl001,digital,videoa,プヨプヨ素人娘と肉厚セックス,2009-05-06 10:00:00,https://video.dmm.co.jp/av/content/?id=cjfl001,https://al.fanza.co.jp/?lurl=https%3A%2F%2Fvideo.dmm.co.jp%2Fav%2Fcontent%2F%3Fid%3Dcjfl001&af_id=okd0405-990&ch=api,,,,インディーズ / 素人 / ぽっちゃり / 巨乳
2dje00009,2dje00009,digital,videoa,ザーメンby女医 Reo.,2009-05-05 10:00:41,https://video.dmm.co.jp/av/content/?id=2dje00009,https://al.fanza.co.jp/?lurl=https%3A%2F%2Fvideo.dmm.co.jp%2Fav%2Fcontent%2F%3Fid%3D2dje00009&af_id=okd0405-990&ch=api,,,,女医 / 野外・露出 / 拘束 / 顔射 / イラマチオ / 単体作品
1sdms659,1sdms659,digital,videoa,今まで頑なに出演を拒否していた、あの超絶美人女子社員がついに脱いだ！！宣伝部 星崎美奈,2009-05-05 10:00:40,https://video.dmm.co.jp/av/content/?id=1sdms659,https://al.fanza.co.jp/?lurl=https%3A%2F%2Fvideo.dmm.co.jp%2Fav%2Fcontent%2F%3Fid%3D1sdms659&af_id=okd0405-990&ch=api,,,,企画 / 騎乗位 / 巨乳
parat01177,parat01177,digital,videoa,ヤレる書道教室の先生がいた！,2009-05-05 10:00:39,https://video.dmm.co.jp/av/content/?id=parat01177,https://al.fanza.co.jp/?lurl=https%3A%2F%2Fvideo.dmm.co.jp%2Fav%2Fcontent%2F%3Fid%3Dparat01177&af_id=okd0405-990&ch=api,,,,小柄 / 痴女 / フェラ / お姉さん
2ebl00003,2ebl00003,digital,videoa,L25 下品な淑女 RINA,2009-05-05 10:00:37,https://video.dmm.co.jp/av/content/?id=2ebl00003,https://al.fanza.co.jp/?lurl=https%3A%2F%2Fvideo.dmm.co.jp%2Fav%2Fcontent%2F%3Fid%3D2ebl00003&af_id=okd0405-990&ch=api,,,,素人 / 手コキ / 3P・4P / オナニー / 拘束
24nod00024,24nod00024,digital,videoa,東京GalsベロCity 24,2009-05-05 10:00:36,https://video.dmm.co.jp/av/content/?id=24nod00024,https://al.fanza.co.jp/?lurl=https%3A%2F%2Fvideo.dmm.co.jp%2Fav%2Fcontent%2F%3Fid%3D24nod00024&af_id=okd0405-990&ch=api,,,,キス・接吻 / フェラ / ギャル / バイブ / ごっくん / 学生服 / 単体作品
parat01183,parat01183,digital,videoa,中○しで激怒した女の子を押さえつけて更に中○し！,2009-05-05 10:00:35,https://video.dmm.co.jp/av/content/?id=parat01183,https://al.fanza.co.jp/?lurl=https%3A%2F%2Fvideo.dmm.co.jp%2Fav%2Fcontent%2F%3Fid%3Dparat01183&af_id=okd0405-990&ch=api,,,,単体作品 / クンニ / 中出し
49madv00096,49madv00096,digital,videoa,私は痴女・人妻編 奥さん！その目つき激ヤバ,2009-05-05 10:00:34,https://video.dmm.co.jp/av/content/?id=49madv00096,https://al.fanza.co.jp/?lurl=https%3A%2F%2Fvideo.dmm.co.jp%2Fav%2Fcontent%2F%3Fid%3D49madv00096&af_id=okd0405-990&ch=api,,,,騎乗位 / 痴女 / 人妻・主婦
24qbd00018,24qbd00018,digital,videoa,制服美少女と性交 かわのすみれ,2009-05-05 10:00:33,https://video.dmm.co.jp/av/content/?id=24qbd00018,https://al.fanza.co.jp/?lurl=https%3A%2F%2Fvideo.dmm.co.jp%2Fav%2Fcontent%2F%3Fid%3D24qbd00018&af_id=okd0405-990&ch=api,,,,単体作品 / 学生服 / 美少女 / 指マン / 手コキ / 騎乗位
h_188nfdm00111,h_188nfdm00111,digital,videoa,美少女の足裏 12,2009-05-05 10:00:32,https://video.dmm.co.jp/av/content/?id=h_188nfdm00111,https://al.fanza.co.jp/?lurl=https%3A%2F%2Fvideo.dmm.co.jp%2Fav%2Fcontent%2F%3Fid%3Dh_188nfdm00111&af_id=okd0405-990&ch=api,,,,その他フェチ / ギャル / 足コキ
h_127ysn00147,h_127ysn00147,digital,videoa,美女と野獣。,2009-05-05 10:00:31,https://video.dmm.co.jp/av/content/?id=h_127ysn00147,https://al.fanza.co.jp/?lurl=https%3A%2F%2Fvideo.dmm.co.jp%2Fav%2Fcontent%2F%3Fid%3Dh_127ysn00147&af_id=okd0405-990&ch=api,,,,巨乳 / 騎乗位 / 指マン / 素人 / 中出し
2wss00099,2wss00099,digital,videoa,満潮な絶頂 一色明奈,2009-05-05 10:00:30,https://video.dmm.co.jp/av/content/?id=2wss00099,https://al.fanza.co.jp/?lurl=https%3A%2F%2Fvideo.dmm.co.jp%2Fav%2Fcontent%2F%3Fid%3D2wss00099&af_id=okd0405-990&ch=api,,,,潮吹き / オナニー / 指マン / 3P・4P / 手コキ / 単体作品
2wss00100,2wss00100,digital,videoa,ボディコンバニー★激揉みカフェ 牧野くるみ,2009-05-05 10:00:29,https://video.dmm.co.jp/av/content/?id=2wss00100,https://al.fanza.co.jp/?lurl=https%3A%2F%2Fvideo.dmm.co.jp%2Fav%2Fcontent%2F%3Fid%3D2wss00100&af_id=okd0405-990&ch=api,,,,巨乳 / パイズリ / 3P・4P / 騎乗位 / 指マン / ボディコン / 単体作品
h_127ysn00148,h_127ysn00148,digital,videoa,発禁寸前 File.08,2009-05-05 10:00:28,https://video.dmm.co.jp/av/content/?id=h_127ysn00148,https://al.fanza.co.jp/?lurl=https%3A%2F%2Fvideo.dmm.co.jp%2Fav%2Fcontent%2F%3Fid%3Dh_127ysn00148&af_id=okd0405-990&ch=api,,,,単体作品 / レオタード / シックスナイン / 水着 / ローション・オイル
1sdms657,1sdms657,digital,videoa,SOD女子社員 第13回 王様ゲームで拒みきれずに大乱交！！,2009-05-05 10:00:25,https://video.dmm.co.jp/av/content/?id=1sdms657,https://al.fanza.co.jp/?lurl=https%3A%2F%2Fvideo.dmm.co.jp%2Fav%2Fcontent%2F%3Fid%3D1sdms657&af_id=okd0405-990&ch=api,,,,企画 / 乱交 / 騎乗位
h_127ytr00006,h_127ytr00006,digital,videoa,こいつら全員、イラマチオ 4時間,2009-05-05 10:00:23,https://video.dmm.co.jp/av/content/?id=h_127ytr00006,https://al.fanza.co.jp/?lurl=https%3A%2F%2Fvideo.dmm.co.jp%2Fav%2Fcontent%2F%3Fid%3Dh_127ytr00006&af_id=okd0405-990&ch=api,,,,パイズリ / フェラ / 3P・4P / 素人 / イラマチオ
h_188nfdm00109,h_188nfdm00109,digital,videoa,拘束M男責め 2,2009-05-05 10:00:22,https://video.dmm.co.jp/av/content/?id=h_188nfdm00109,https://al.fanza.co.jp/?lurl=https%3A%2F%2Fvideo.dmm.co.jp%2Fav%2Fcontent%2F%3Fid%3Dh_188nfdm00109&af_id=okd0405-990&ch=api,,,,足コキ / 脚フェチ / 3P・4P / ギャル
h_188nfdm00108,h_188nfdm00108,digital,videoa,美脚美女に飼われる人間ペット,2009-05-05 10:00:21,https://video.dmm.co.jp/av/content/?id=h_188nfdm00108,https://al.fanza.co.jp/?lurl=https%3A%2F%2Fvideo.dmm.co.jp%2Fav%2Fcontent%2F%3Fid%3Dh_188nfdm00108&af_id=okd0405-990&ch=api,,,,脚フェチ / 足コキ / パンスト・タイツ / クンニ
parat01176,parat01176,digital,videoa,日帰り温泉不倫旅行（2） 和服美人妻の濃密すぎる情事,2009-05-05 10:00:20,https://video.dmm.co.jp/av/content/?id=parat01176,https://al.fanza.co.jp/?lurl=https%3A%2F%2Fvideo.dmm.co.jp%2Fav%2Fcontent%2F%3Fid%3Dparat01176&af_id=okd0405-990&ch=api,,,,和服・浴衣 / 人妻・主婦 / 巨乳 / 痴女 / 騎乗位
parat01180,parat01180,digital,videoa,おばあちゃんだらけ,2009-05-05 10:00:18,https://video.dmm.co.jp/av/content/?id=parat01180,https://al.fanza.co.jp/?lurl=https%3A%2F%2Fvideo.dmm.co.jp%2Fav%2Fcontent%2F%3Fid%3Dparat01180&af_id=okd0405-990&ch=api,,,,痴女 / フェラ / その他フェチ / 巨乳 / 熟女
1sdde177,1sdde177,digital,videoa,（裏）手コキクリニック ～完全版～ 性交クリニック ファン感謝祭スペシャル,2009-05-05 10:00:17,https://video.dmm.co.jp/av/content/?id=1sdde177,https://al.fanza.co.jp/?lurl=https%3A%2F%2Fvideo.dmm.co.jp%2Fav%2Fcontent%2F%3Fid%3D1sdde177&af_id=okd0405-990&ch=api,,,,ファン感謝・訪問 / 騎乗位 / 看護婦・ナース / 手コキ / 企画
1sdms667,1sdms667,digital,videoa,東京娘を着衣のまま、達磨に縛りあげて、ドリル電マで攻めに攻めまくっちゃってイイっすか！？,2009-05-05 10:00:16,https://video.dmm.co.jp/av/content/?id=1sdms667,https://al.fanza.co.jp/?lurl=https%3A%2F%2Fvideo.dmm.co.jp%2Fav%2Fcontent%2F%3Fid%3D1sdms667&af_id=okd0405-990&ch=api,,,,辱め / 拘束 / 電マ
1sdms672,1sdms672,digital,videoa,SOD！！出張女子社員！！ 絶対に脱がないあなたの会社の女子社員をSODが脱がせてみせます！！,2009-05-05 10:00:15,https://video.dmm.co.jp/av/content/?id=1sdms672,https://al.fanza.co.jp/?lurl=https%3A%2F%2Fvideo.dmm.co.jp%2Fav%2Fcontent%2F%3Fid%3D1sdms672&af_id=okd0405-990&ch=api,,,,騎乗位 / OL / 企画
h_188iwgb00052,h_188iwgb00052,digital,videoa,接吻脚コキ 2,2009-05-05 10:00:14,https://video.dmm.co.jp/av/content/?id=h_188iwgb00052,https://al.fanza.co.jp/?lurl=https%3A%2F%2Fvideo.dmm.co.jp%2Fav%2Fcontent%2F%3Fid%3Dh_188iwgb00052&af_id=okd0405-990&ch=api,,,,3P・4P / その他フェチ / 足コキ / キス・接吻
h_188iwgb00053,h_188iwgb00053,digital,videoa,素人黒ブーツ 3,2009-05-05 10:00:13,https://video.dmm.co.jp/av/content/?id=h_188iwgb00053,https://al.fanza.co.jp/?lurl=https%3A%2F%2Fvideo.dmm.co.jp%2Fav%2Fcontent%2F%3Fid%3Dh_188iwgb00053&af_id=okd0405-990&ch=api,,,,ギャル / 脚フェチ / 素人 / その他フェチ
h_188nfdm00110,h_188nfdm00110,digital,videoa,M男的主観 「ワタシの玩具」にされた僕。,2009-05-05 10:00:12,https://video.dmm.co.jp/av/content/?id=h_188nfdm00110,https://al.fanza.co.jp/?lurl=https%3A%2F%2Fvideo.dmm.co.jp%2Fav%2Fcontent%2F%3Fid%3Dh_188nfdm00110&af_id=okd0405-990&ch=api,,,,手コキ / フェラ / アナル / 足コキ
49cadv109,49cadv109,digital,videoa,極選4時間 ザ・筆おろし 2,2009-05-05 10:00:11,https://video.dmm.co.jp/av/content/?id=49cadv109,https://al.fanza.co.jp/?lurl=https%3A%2F%2Fvideo.dmm.co.jp%2Fav%2Fcontent%2F%3Fid%3D49cadv109&af_id=okd0405-990&ch=api,,,,パイパン / 巨乳 / スレンダー / ギャル / ベスト・総集編
1sdde166,1sdde166,digital,videoa,リゾートスパレディのお仕事,2009-05-05 10:00:10,https://video.dmm.co.jp/av/content/?id=1sdde166,https://al.fanza.co.jp/?lurl=https%3A%2F%2Fvideo.dmm.co.jp%2Fav%2Fcontent%2F%3Fid%3D1sdde166&af_id=okd0405-990&ch=api,,,,職業色々 / 騎乗位 / 企画 / 手コキ
1sdde179,1sdde179,digital,videoa,ち○ぽ洗い屋のお仕事,2009-05-05 10:00:09,https://video.dmm.co.jp/av/content/?id=1sdde179,https://al.fanza.co.jp/?lurl=https%3A%2F%2Fvideo.dmm.co.jp%2Fav%2Fcontent%2F%3Fid%3D1sdde179&af_id=okd0405-990&ch=api,,,,企画 / その他フェチ / 職業色々
h_067rnade377r,h_067rnade377r,digital,videoa,四十路おばはん4時間 2 肉棒に悶える熟れた身体,2009-05-05 10:00:08,https://video.dmm.co.jp/av/content/?id=h_067rnade377r,https://al.fanza.co.jp/?lurl=https%3A%2F%2Fvideo.dmm.co.jp%2Fav%2Fcontent%2F%3Fid%3Dh_067rnade377r&af_id=okd0405-990&ch=api,,,,熟女 / 淫乱・ハード系
24swd00200,24swd00200,digital,videoa,女が好きなオンナの前では、ただの女もオンナになる。,2009-05-05 10:00:06,https://video.dmm.co.jp/av/content/?id=24swd00200,https://al.fanza.co.jp/?lurl=https%3A%2F%2Fvideo.dmm.co.jp%2Fav%2Fcontent%2F%3Fid%3D24swd00200&af_id=okd0405-990&ch=api,,,,スレンダー / レズビアン / シックスナイン / クンニ
13fmd02,13fmd02,digital,videoa,黒人とロ●ータのアナル交尾2 ～二人の黒人とみなみが2穴ファック～,2009-05-05 10:00:05,https://video.dmm.co.jp/av/content/?id=13fmd02,https://al.fanza.co.jp/?lurl=https%3A%2F%2Fvideo.dmm.co.jp%2Fav%2Fcontent%2F%3Fid%3D13fmd02&af_id=okd0405-990&ch=api,,,,単体作品 / ミニ系 / アナル / 黒人男優 / 3P・4P
65tpd00023,65tpd00023,digital,videoa,東京人妻密会倶楽部,2009-05-05 10:00:04,https://video.dmm.co.jp/av/content/?id=65tpd00023,https://al.fanza.co.jp/?lurl=https%3A%2F%2Fvideo.dmm.co.jp%2Fav%2Fcontent%2F%3Fid%3D65tpd00023&af_id=okd0405-990&ch=api,,,,人妻・主婦 / クンニ / 美乳
104hwsd00002,104hwsd00002,digital,videoa,ハメられワールド Special Vol.2,2009-05-05 10:00:03,https://video.dmm.co.jp/av/content/?id=104hwsd00002,https://al.fanza.co.jp/?lurl=https%3A%2F%2Fvideo.dmm.co.jp%2Fav%2Fcontent%2F%3Fid%3D104hwsd00002&af_id=okd0405-990&ch=api,,,,ギャル / パンスト・タイツ / ハメ撮り
41iz00002,41iz00002,digital,videoa,ガイジン女とヤリまくれ！,2009-05-05 10:00:02,https://video.dmm.co.jp/av/content/?id=41iz00002,https://al.fanza.co.jp/?lurl=https%3A%2F%2Fvideo.dmm.co.jp%2Fav%2Fcontent%2F%3Fid%3D41iz00002&af_id=okd0405-990&ch=api,,,,白人女優 / 素人
111ddgk005,111ddgk005,digital,videoa,M的願望症候群 真性顔面騎乗依存 5,2009-05-05 10:00:01,https://video.dmm.co.jp/av/content/?id=111ddgk005,https://al.fanza.co.jp/?lurl=https%3A%2F%2Fvideo.dmm.co.jp%2Fav%2Fcontent%2F%3Fid%3D111ddgk005&af_id=okd0405-990&ch=api,,,,顔面騎乗 / その他フェチ / コスプレ
ynrl001,ynrl001,digital,videoa,10代素人激アツ援交特集【地方の清純娘騙し本番編】,2009-05-05 10:00:00,https://video.dmm.co.jp/av/content/?id=ynrl001,https://al.fanza.co.jp/?lurl=https%3A%2F%2Fvideo.dmm.co.jp%2Fav%2Fcontent%2F%3Fid%3Dynrl001&af_id=okd0405-990&ch=api,,,,インディーズ / 騎乗位 / 素人
aa650,aa650,digital,videoa,AVアイドル伝説 みなみありす,2009-05-05 10:00:00,https://video.dmm.co.jp/av/content/?id=aa650,https://al.fanza.co.jp/?lurl=https%3A%2F%2Fvideo.dmm.co.jp%2Fav%2Fcontent%2F%3Fid%3Daa650&af_id=okd0405-990&ch=api,,,,学生服 / 野外・露出 / ローター / 裸エプロン / 3P・4P / 単体作品
1star00154,1star00154,digital,videoa,芸能人 琴乃 童貞 初 挿入！！,2009-05-04 10:00:50,https://video.dmm.co.jp/av/content/?id=1star00154,https://al.fanza.co.jp/?lurl=https%3A%2F%2Fvideo.dmm.co.jp%2Fav%2Fcontent%2F%3Fid%3D1star00154&af_id=okd0405-990&ch=api,,,,その他 / メイド / 看護婦・ナース / デジモ / アイドル・芸能人 / 騎乗位 / 女子校生 / 単体作品
1dvdes00169,1dvdes00169,digital,videoa,超高級美少女レズ・ソープ嬢 プレミアム,2009-05-04 10:00:49,https://video.dmm.co.jp/av/content/?id=1dvdes00169,https://al.fanza.co.jp/?lurl=https%3A%2F%2Fvideo.dmm.co.jp%2Fav%2Fcontent%2F%3Fid%3D1dvdes00169&af_id=okd0405-990&ch=api,,,,美少女 / キャバ嬢・風俗嬢 / レズビアン
1pure00057,1pure00057,digital,videoa,デビューから約1年半、頑なに拒んできた生中出しをついに解禁！！ あすか伊央,2009-05-04 10:00:47,https://video.dmm.co.jp/av/content/?id=1pure00057,https://al.fanza.co.jp/?lurl=https%3A%2F%2Fvideo.dmm.co.jp%2Fav%2Fcontent%2F%3Fid%3D1pure00057&af_id=okd0405-990&ch=api,,,,中出し / デジモ / 3P・4P / 騎乗位 / 単体作品
1star00156,1star00156,digital,videoa,芸能人 板垣あずさ 尻の魅力,2009-05-04 10:00:46,https://video.dmm.co.jp/av/content/?id=1star00156,https://al.fanza.co.jp/?lurl=https%3A%2F%2Fvideo.dmm.co.jp%2Fav%2Fcontent%2F%3Fid%3D1star00156&af_id=okd0405-990&ch=api,,,,デジモ / 騎乗位 / アイドル・芸能人 / 単体作品 / 尻フェチ
1star00155,1star00155,digital,videoa,芸能人 矢沢のん 超ヤリまくりイキまくり24時間ぶっかけSEX,2009-05-04 10:00:45,https://video.dmm.co.jp/av/content/?id=1star00155,https://al.fanza.co.jp/?lurl=https%3A%2F%2Fvideo.dmm.co.jp%2Fav%2Fcontent%2F%3Fid%3D1star00155&af_id=okd0405-990&ch=api,,,,3P・4P / アイドル・芸能人 / 顔射 / ぶっかけ / 単体作品
1ie00240,1ie00240,digital,videoa,辻さきスペシャル 完全永久保存版,2009-05-04 10:00:42,https://video.dmm.co.jp/av/content/?id=1ie00240,https://al.fanza.co.jp/?lurl=https%3A%2F%2Fvideo.dmm.co.jp%2Fav%2Fcontent%2F%3Fid%3D1ie00240&af_id=okd0405-990&ch=api,,,,羞恥 / 巨乳 / 人妻・主婦 / スレンダー / 単体作品 / 女優ベスト・総集編
1pure00058,1pure00058,digital,videoa,無理ヤリ解禁！イカされまくって騙し中出し！ 海馬ゆう,2009-05-04 10:00:41,https://video.dmm.co.jp/av/content/?id=1pure00058,https://al.fanza.co.jp/?lurl=https%3A%2F%2Fvideo.dmm.co.jp%2Fav%2Fcontent%2F%3Fid%3D1pure00058&af_id=okd0405-990&ch=api,,,,拘束 / デジモ / 中出し / 顔射 / 単体作品
1ngks00011,1ngks00011,digital,videoa,SEX依存症の女 ギャラ10万円「SEX依存症の女」VSギャラ100万円「極上ボディーの女」 素人チ○ポ争奪戦,2009-05-04 10:00:40,https://video.dmm.co.jp/av/content/?id=1ngks00011,https://al.fanza.co.jp/?lurl=https%3A%2F%2Fvideo.dmm.co.jp%2Fav%2Fcontent%2F%3Fid%3D1ngks00011&af_id=okd0405-990&ch=api,,,,淫乱・ハード系 / 監禁 / オナニー / 企画
1ifdva00039,1ifdva00039,digital,videoa,涼宮ヒハルの憂鬱 にょろっと240分4キャラ総集編,2009-05-04 10:00:38,https://video.dmm.co.jp/av/content/?id=1ifdva00039,https://al.fanza.co.jp/?lurl=https%3A%2F%2Fvideo.dmm.co.jp%2Fav%2Fcontent%2F%3Fid%3D1ifdva00039&af_id=okd0405-990&ch=api,,,,コスプレ / ベスト・総集編 / 企画
1jpdds00179,1jpdds00179,digital,videoa,人妻ナンパ本気汁スペシャル 東京淑女乱れ咲き背徳に身を委ね吐息を漏らす人妻たち,2009-05-04 10:00:37,https://video.dmm.co.jp/av/content/?id=1jpdds00179,https://al.fanza.co.jp/?lurl=https%3A%2F%2Fvideo.dmm.co.jp%2Fav%2Fcontent%2F%3Fid%3D1jpdds00179&af_id=okd0405-990&ch=api,,,,3P・4P / ベスト・総集編 / 人妻・主婦 / 騎乗位 / ナンパ
1jpdds00177,1jpdds00177,digital,videoa,人妻ナンパスペシャル 絶叫・人妻ゴロシ 必殺版13,2009-05-04 10:00:36,https://video.dmm.co.jp/av/content/?id=1jpdds00177,https://al.fanza.co.jp/?lurl=https%3A%2F%2Fvideo.dmm.co.jp%2Fav%2Fcontent%2F%3Fid%3D1jpdds00177&af_id=okd0405-990&ch=api,,,,ベスト・総集編 / 人妻・主婦 / ナンパ
1dvdes00168,1dvdes00168,digital,videoa,マジックミラー号 祝！成人式編 今年は平成生まれが新性人！！振り袖姿でハメはずし！？ 20歳！大人への第一歩はち○ぽ挿入！,2009-05-04 10:00:35,https://video.dmm.co.jp/av/content/?id=1dvdes00168,https://al.fanza.co.jp/?lurl=https%3A%2F%2Fvideo.dmm.co.jp%2Fav%2Fcontent%2F%3Fid%3D1dvdes00168&af_id=okd0405-990&ch=api,,,,和服・浴衣 / ナンパ / 素人 / 手コキ
1hbad00088,1hbad00088,digital,videoa,女捜査官 拘束陵●女肉売買 春風えみ,2009-05-04 10:00:33,https://video.dmm.co.jp/av/content/?id=1hbad00088,https://al.fanza.co.jp/?lurl=https%3A%2F%2Fvideo.dmm.co.jp%2Fav%2Fcontent%2F%3Fid%3D1hbad00088&af_id=okd0405-990&ch=api,,,,単体作品 / 女捜査官 / 辱め / 3P・4P / デジモ / 電マ
1hbad00089,1hbad00089,digital,videoa,犯●れた女教師 禁断の肉欲 田中亜弥,2009-05-04 10:00:32,https://video.dmm.co.jp/av/content/?id=1hbad00089,https://al.fanza.co.jp/?lurl=https%3A%2F%2Fvideo.dmm.co.jp%2Fav%2Fcontent%2F%3Fid%3D1hbad00089&af_id=okd0405-990&ch=api,,,,単体作品 / デジモ / 辱め / レズビアン / 女教師
1iesp00473,1iesp00473,digital,videoa,爆乳ギャル ファーストフード店員 中出し20連発 仲村ろみひ,2009-05-04 10:00:31,https://video.dmm.co.jp/av/content/?id=1iesp00473,https://al.fanza.co.jp/?lurl=https%3A%2F%2Fvideo.dmm.co.jp%2Fav%2Fcontent%2F%3Fid%3D1iesp00473&af_id=okd0405-990&ch=api,,,,単体作品 / 巨乳フェチ / 巨乳 / ギャル / 中出し / 職業色々
1dvdes00172,1dvdes00172,digital,videoa,DEEPS GIRLS COLLECTION 紅音ほたる4時間,2009-05-04 10:00:29,https://video.dmm.co.jp/av/content/?id=1dvdes00172,https://al.fanza.co.jp/?lurl=https%3A%2F%2Fvideo.dmm.co.jp%2Fav%2Fcontent%2F%3Fid%3D1dvdes00172&af_id=okd0405-990&ch=api,,,,3P・4P / 潮吹き / レズビアン / 単体作品 / 女優ベスト・総集編
1iat00067,1iat00067,digital,videoa,これが噂の痙攣薬漬け 単体ヴァージョン7 鈴木さとみ,2009-05-04 10:00:28,https://video.dmm.co.jp/av/content/?id=1iat00067,https://al.fanza.co.jp/?lurl=https%3A%2F%2Fvideo.dmm.co.jp%2Fav%2Fcontent%2F%3Fid%3D1iat00067&af_id=okd0405-990&ch=api,,,,ドラッグ / 指マン / デジモ / 電マ / 拘束 / 単体作品
1fset00186,1fset00186,digital,videoa,転校したら男は僕一人ぼっちだった…。 6,2009-05-04 10:00:27,https://video.dmm.co.jp/av/content/?id=1fset00186,https://al.fanza.co.jp/?lurl=https%3A%2F%2Fvideo.dmm.co.jp%2Fav%2Fcontent%2F%3Fid%3D1fset00186&af_id=okd0405-990&ch=api,,,,痴女 / 放尿・お漏らし / デジモ / 女子校生 / 学園もの
1gar00099,1gar00099,digital,videoa,全員Fカップ以上！巨乳ギャル露天風呂！Vol.03,2009-05-04 10:00:24,https://video.dmm.co.jp/av/content/?id=1gar00099,https://al.fanza.co.jp/?lurl=https%3A%2F%2Fvideo.dmm.co.jp%2Fav%2Fcontent%2F%3Fid%3D1gar00099&af_id=okd0405-990&ch=api,,,,巨乳 / 野外・露出 / ギャル / その他フェチ
1dvdes00170,1dvdes00170,digital,videoa,拘束イス！ドリルバイブ！爆乳拷問！鬼イカセ！！神潮吹き！！！ 花木あのん,2009-05-04 10:00:22,https://video.dmm.co.jp/av/content/?id=1dvdes00170,https://al.fanza.co.jp/?lurl=https%3A%2F%2Fvideo.dmm.co.jp%2Fav%2Fcontent%2F%3Fid%3D1dvdes00170&af_id=okd0405-990&ch=api,,,,拷問 / 単体作品 / 潮吹き / 辱め / 巨乳 / 拘束
49madv00097,49madv00097,digital,videoa,美人教師 暴行現場 37,2009-05-04 10:00:19,https://video.dmm.co.jp/av/content/?id=49madv00097,https://al.fanza.co.jp/?lurl=https%3A%2F%2Fvideo.dmm.co.jp%2Fav%2Fcontent%2F%3Fid%3D49madv00097&af_id=okd0405-990&ch=api,,,,拘束 / 女教師
1dandy00133,1dandy00133,digital,videoa,「金曜日の仕事帰りホロ酔い美淑女の尻に勃起チ○ポを擦りつけたらヤられるか？」 VOL.3,2009-05-04 10:00:18,https://video.dmm.co.jp/av/content/?id=1dandy00133,https://al.fanza.co.jp/?lurl=https%3A%2F%2Fvideo.dmm.co.jp%2Fav%2Fcontent%2F%3Fid%3D1dandy00133&af_id=okd0405-990&ch=api,,,,OL / デジモ / 痴女 / 巨乳
1dandy00134,1dandy00134,digital,videoa,「「ヤらずに死ねるか」心優しい介護士にワシの勃ちもしないフニャちんセンズリを見せつけ同情させたらイカせてくれるか？」 VOL.1,2009-05-04 10:00:17,https://video.dmm.co.jp/av/content/?id=1dandy00134,https://al.fanza.co.jp/?lurl=https%3A%2F%2Fvideo.dmm.co.jp%2Fav%2Fcontent%2F%3Fid%3D1dandy00134&af_id=okd0405-990&ch=api,,,,手コキ / 企画 / デジモ / フェラ
1nhdt00801,1nhdt00801,digital,videoa,痙攣遊園地 一戸のぞみ,2009-05-04 10:00:16,https://video.dmm.co.jp/av/content/?id=1nhdt00801,https://al.fanza.co.jp/?lurl=https%3A%2F%2Fvideo.dmm.co.jp%2Fav%2Fcontent%2F%3Fid%3D1nhdt00801&af_id=okd0405-990&ch=api,,,,電マ / 巨乳 / 単体作品
1havd00548,1havd00548,digital,videoa,恥ずかしいけどリモコンバイブで濡れ濡れ 素人娘股間ビリビリ直撃ナンパ 7,2009-05-04 10:00:15,https://video.dmm.co.jp/av/content/?id=1havd00548,https://al.fanza.co.jp/?lurl=https%3A%2F%2Fvideo.dmm.co.jp%2Fav%2Fcontent%2F%3Fid%3D1havd00548&af_id=okd0405-990&ch=api,,,,デジモ / 羞恥 / 素人 / ナンパ
1hunt00166,1hunt00166,digital,videoa,温泉旅館で偶然出会った巨乳のお嬢さん！ 風呂桶ひとつで初めての男湯！！,2009-05-04 10:00:14,https://video.dmm.co.jp/av/content/?id=1hunt00166,https://al.fanza.co.jp/?lurl=https%3A%2F%2Fvideo.dmm.co.jp%2Fav%2Fcontent%2F%3Fid%3D1hunt00166&af_id=okd0405-990&ch=api,,,,独占配信 / フェラ / 素人 / 巨乳 / 羞恥
1gar00100,1gar00100,digital,videoa,新卒男子に集団逆セクハラ2！！,2009-05-04 10:00:11,https://video.dmm.co.jp/av/content/?id=1gar00100,https://al.fanza.co.jp/?lurl=https%3A%2F%2Fvideo.dmm.co.jp%2Fav%2Fcontent%2F%3Fid%3D1gar00100&af_id=okd0405-990&ch=api,,,,羞恥 / 騎乗位 / 企画 / ギャル / 痴女
1gar00096,1gar00096,digital,videoa,素行の悪い10代ギャルを補○員になりすまして捕獲！！拉致・監禁・中出しレ●プ！！,2009-05-04 10:00:10,https://video.dmm.co.jp/av/content/?id=1gar00096,https://al.fanza.co.jp/?lurl=https%3A%2F%2Fvideo.dmm.co.jp%2Fav%2Fcontent%2F%3Fid%3D1gar00096&af_id=okd0405-990&ch=api,,,,中出し / 監禁 / ギャル / 辱め
1nhdt00795,1nhdt00795,digital,videoa,痴●全裸下車 4,2009-05-04 10:00:09,https://video.dmm.co.jp/av/content/?id=1nhdt00795,https://al.fanza.co.jp/?lurl=https%3A%2F%2Fvideo.dmm.co.jp%2Fav%2Fcontent%2F%3Fid%3D1nhdt00795&af_id=okd0405-990&ch=api,,,,女子大生 / 3P・4P / 女子校生 / OL
1nhdt00797,1nhdt00797,digital,videoa,リアル痴● 最終回SP,2009-05-04 10:00:08,https://video.dmm.co.jp/av/content/?id=1nhdt00797,https://al.fanza.co.jp/?lurl=https%3A%2F%2Fvideo.dmm.co.jp%2Fav%2Fcontent%2F%3Fid%3D1nhdt00797&af_id=okd0405-990&ch=api,,,,制服 / 女子校生 / ぶっかけ
1hbad00090,1hbad00090,digital,videoa,陵●貴婦人 美白の悼み,2009-05-04 10:00:07,https://video.dmm.co.jp/av/content/?id=1hbad00090,https://al.fanza.co.jp/?lurl=https%3A%2F%2Fvideo.dmm.co.jp%2Fav%2Fcontent%2F%3Fid%3D1hbad00090&af_id=okd0405-990&ch=api,,,,辱め / デジモ / 人妻・主婦 / 単体作品
1svdvd00099,1svdvd00099,digital,videoa,羞辱妄想劇場 VOL.1 学園アイドルの服が僕らの目の前で溶けた！,2009-05-04 10:00:06,https://video.dmm.co.jp/av/content/?id=1svdvd00099,https://al.fanza.co.jp/?lurl=https%3A%2F%2Fvideo.dmm.co.jp%2Fav%2Fcontent%2F%3Fid%3D1svdvd00099&af_id=okd0405-990&ch=api,,,,辱め / 妄想 / 学園もの
1bksp00191,1bksp00191,digital,videoa,街角素人カップル対抗！！彼氏のチ○ポ早当て選手権！！,2009-05-04 10:00:05,https://video.dmm.co.jp/av/content/?id=1bksp00191,https://al.fanza.co.jp/?lurl=https%3A%2F%2Fvideo.dmm.co.jp%2Fav%2Fcontent%2F%3Fid%3D1bksp00191&af_id=okd0405-990&ch=api,,,,カップル / 企画 / 素人 / 騎乗位 / 3P・4P
1gar00097,1gar00097,digital,videoa,ぎゃるまんナンパ ハメMAX Vol.4,2009-05-04 10:00:04,https://video.dmm.co.jp/av/content/?id=1gar00097,https://al.fanza.co.jp/?lurl=https%3A%2F%2Fvideo.dmm.co.jp%2Fav%2Fcontent%2F%3Fid%3D1gar00097&af_id=okd0405-990&ch=api,,,,ギャル / 3P・4P / 素人 / ナンパ
1gar00098,1gar00098,digital,videoa,ギャルだらけの逆チカン路線バス！ Vol.04,2009-05-04 10:00:03,https://video.dmm.co.jp/av/content/?id=1gar00098,https://al.fanza.co.jp/?lurl=https%3A%2F%2Fvideo.dmm.co.jp%2Fav%2Fcontent%2F%3Fid%3D1gar00098&af_id=okd0405-990&ch=api,,,,ミニスカ / 痴女 / クンニ / ギャル
1nhdt00800,1nhdt00800,digital,videoa,温泉旅行に来ていた幸せ家族（父・母・娘）を全員ヤッちまえ！！,2009-05-04 10:00:02,https://video.dmm.co.jp/av/content/?id=1nhdt00800,https://al.fanza.co.jp/?lurl=https%3A%2F%2Fvideo.dmm.co.jp%2Fav%2Fcontent%2F%3Fid%3D1nhdt00800&af_id=okd0405-990&ch=api,,,,企画 / 痴女 / 3P・4P
1hunt00167,1hunt00167,digital,videoa,初めてメンズエステに行ったら、恥ずかしながら勃っちゃった。でもそんな僕を見たお姉さんが…,2009-05-04 10:00:01,https://video.dmm.co.jp/av/content/?id=1hunt00167,https://al.fanza.co.jp/?lurl=https%3A%2F%2Fvideo.dmm.co.jp%2Fav%2Fcontent%2F%3Fid%3D1hunt00167&af_id=okd0405-990&ch=api,,,,独占配信 / フェラ / 企画 / エステ
qbfl001,qbfl001,digital,videoa,過激すぎて未公開になったシーン完全公開 女子校生編,2009-05-04 10:00:00,https://video.dmm.co.jp/av/content/?id=qbfl001,https://al.fanza.co.jp/?lurl=https%3A%2F%2Fvideo.dmm.co.jp%2Fav%2Fcontent%2F%3Fid%3Dqbfl001&af_id=okd0405-990&ch=api,,,,インディーズ / アナル / 中出し / 女子校生 / 制服
84rmild00570,84rmild00570,digital,videoa,スーパーアイドルにタップリ生中出し 4時間,2009-05-04 10:00:00,https://video.dmm.co.jp/av/content/?id=84rmild00570,https://al.fanza.co.jp/?lurl=https%3A%2F%2Fvideo.dmm.co.jp%2Fav%2Fcontent%2F%3Fid%3D84rmild00570&af_id=okd0405-990&ch=api,,,,ベスト・総集編 / 巨乳 / 中出し
61rmd00119,61rmd00119,digital,videoa,PREMIUM-MIX 小泉キラリ,2009-05-04 10:00:00,https://video.dmm.co.jp/av/content/?id=61rmd00119,https://al.fanza.co.jp/?lurl=https%3A%2F%2Fvideo.dmm.co.jp%2Fav%2Fcontent%2F%3Fid%3D61rmd00119&af_id=okd0405-990&ch=api,,,,単体作品 / アイドル・芸能人 / SM / オナニー / 女子大生 / バイブ / 女優ベスト・総集編
1vspds00412,1vspds00412,digital,videoa,東○学園出身 新人AD入社記念密着ドキュメント AVってマジにこんなことするんですか？,2009-05-04 10:00:00,https://video.dmm.co.jp/av/content/?id=1vspds00412,https://al.fanza.co.jp/?lurl=https%3A%2F%2Fvideo.dmm.co.jp%2Fav%2Fcontent%2F%3Fid%3D1vspds00412&af_id=okd0405-990&ch=api,,,,職業色々 / 中出し / パンスト・タイツ
1vspds00411,1vspds00411,digital,videoa,ニセのゴルフサークルに募集で来た新入女子大生にHなことをしてみよう！,2009-05-04 10:00:00,https://video.dmm.co.jp/av/content/?id=1vspds00411,https://al.fanza.co.jp/?lurl=https%3A%2F%2Fvideo.dmm.co.jp%2Fav%2Fcontent%2F%3Fid%3D1vspds00411&af_id=okd0405-990&ch=api,,,,女子大生 / ミニスカ / 3P・4P / クンニ
1vspds00410,1vspds00410,digital,videoa,400人に聞きました…いくらで手コキしてくれますか？,2009-05-04 10:00:00,https://video.dmm.co.jp/av/content/?id=1vspds00410,https://al.fanza.co.jp/?lurl=https%3A%2F%2Fvideo.dmm.co.jp%2Fav%2Fcontent%2F%3Fid%3D1vspds00410&af_id=okd0405-990&ch=api,,,,ベスト・総集編 / 素人 / 手コキ
1nhdt00799,1nhdt00799,digital,videoa,痴● 発情女,2009-05-04 10:00:00,https://video.dmm.co.jp/av/content/?id=1nhdt00799,https://al.fanza.co.jp/?lurl=https%3A%2F%2Fvideo.dmm.co.jp%2Fav%2Fcontent%2F%3Fid%3D1nhdt00799&af_id=okd0405-990&ch=api,,,,ドキュメンタリー / OL / 人妻・主婦 / ギャル
1nhdt00798,1nhdt00798,digital,videoa,ミニスカ素人限定！ 超過激 パンチラロデオマシン,2009-05-04 10:00:00,https://video.dmm.co.jp/av/content/?id=1nhdt00798,https://al.fanza.co.jp/?lurl=https%3A%2F%2Fvideo.dmm.co.jp%2Fav%2Fcontent%2F%3Fid%3D1nhdt00798&af_id=okd0405-990&ch=api,,,,電マ / 騎乗位 / 拘束 / 素人
1nhdt00796,1nhdt00796,digital,videoa,中出し不良ガイジン,2009-05-04 10:00:00,https://video.dmm.co.jp/av/content/?id=1nhdt00796,https://al.fanza.co.jp/?lurl=https%3A%2F%2Fvideo.dmm.co.jp%2Fav%2Fcontent%2F%3Fid%3D1nhdt00796&af_id=okd0405-990&ch=api,,,,企画 / 鬼畜 / 中出し
1jpdds00178,1jpdds00178,digital,videoa,限定完全復刻盤 土下座ナンパ全集 X-12,2009-05-04 10:00:00,https://video.dmm.co.jp/av/content/?id=1jpdds00178,https://al.fanza.co.jp/?lurl=https%3A%2F%2Fvideo.dmm.co.jp%2Fav%2Fcontent%2F%3Fid%3D1jpdds00178&af_id=okd0405-990&ch=api,,,,復刻 / 素人 / 水着 / ベスト・総集編 / ナンパ
1hunt00170,1hunt00170,digital,videoa,超難関名門私立入学試験 ドスケベ親子面接 母編,2009-05-04 10:00:00,https://video.dmm.co.jp/av/content/?id=1hunt00170,https://al.fanza.co.jp/?lurl=https%3A%2F%2Fvideo.dmm.co.jp%2Fav%2Fcontent%2F%3Fid%3D1hunt00170&af_id=okd0405-990&ch=api,,,,独占配信 / 羞恥 / 企画 / 騎乗位 / 人妻・主婦
1hunt00169,1hunt00169,digital,videoa,新入生バレー部員にいたずら指導 初めての体験合宿,2009-05-04 10:00:00,https://video.dmm.co.jp/av/content/?id=1hunt00169,https://al.fanza.co.jp/?lurl=https%3A%2F%2Fvideo.dmm.co.jp%2Fav%2Fcontent%2F%3Fid%3D1hunt00169&af_id=okd0405-990&ch=api,,,,独占配信 / ミニ系 / 体操着・ブルマ / 制服
1havd00551,1havd00551,digital,videoa,レズkissナンパ ドキドキ初めてのレズ体験 4,2009-05-04 10:00:00,https://video.dmm.co.jp/av/content/?id=1havd00551,https://al.fanza.co.jp/?lurl=https%3A%2F%2Fvideo.dmm.co.jp%2Fav%2Fcontent%2F%3Fid%3D1havd00551&af_id=okd0405-990&ch=api,,,,レズビアン / ナンパ / デジモ / 指マン
1havd00550,1havd00550,digital,videoa,若妻主催 筆おろしマンション 童貞君の未経験チ●ポを狙う両隣の人妻たち,2009-05-04 10:00:00,https://video.dmm.co.jp/av/content/?id=1havd00550,https://al.fanza.co.jp/?lurl=https%3A%2F%2Fvideo.dmm.co.jp%2Fav%2Fcontent%2F%3Fid%3D1havd00550&af_id=okd0405-990&ch=api,,,,潮吹き / 素人 / 若妻・幼妻 / バイブ / 乱交
1havd00549,1havd00549,digital,videoa,素人OL即参加！「あなたの会社の目の前でHなバイトしませんか？」,2009-05-04 10:00:00,https://video.dmm.co.jp/av/content/?id=1havd00549,https://al.fanza.co.jp/?lurl=https%3A%2F%2Fvideo.dmm.co.jp%2Fav%2Fcontent%2F%3Fid%3D1havd00549&af_id=okd0405-990&ch=api,,,,羞恥 / 素人 / OL / 制服
1fset00187,1fset00187,digital,videoa,大量の一発顔射 ザーメンメリーゴーランド,2009-05-04 10:00:00,https://video.dmm.co.jp/av/content/?id=1fset00187,https://al.fanza.co.jp/?lurl=https%3A%2F%2Fvideo.dmm.co.jp%2Fav%2Fcontent%2F%3Fid%3D1fset00187&af_id=okd0405-990&ch=api,,,,ぶっかけ / 顔射 / デジモ / その他フェチ
1bksp00193,1bksp00193,digital,videoa,生まれて初めて風俗面接に堕ちてきた人妻たち 第2幕,2009-05-04 10:00:00,https://video.dmm.co.jp/av/content/?id=1bksp00193,https://al.fanza.co.jp/?lurl=https%3A%2F%2Fvideo.dmm.co.jp%2Fav%2Fcontent%2F%3Fid%3D1bksp00193&af_id=okd0405-990&ch=api,,,,人妻・主婦 / 盗撮・のぞき / 手コキ / ローション・オイル
172reca066r,172reca066r,digital,videoa,鬼イカセ 成島りゅう,2009-05-03 10:00:38,https://video.dmm.co.jp/av/content/?id=172reca066r,https://al.fanza.co.jp/?lurl=https%3A%2F%2Fvideo.dmm.co.jp%2Fav%2Fcontent%2F%3Fid%3D172reca066r&af_id=okd0405-990&ch=api,,,,単体作品 / 指マン / 巨乳 / 電マ / 拘束 / 潮吹き
13zom00004,13zom00004,digital,videoa,肉体謝罪 3 セレブ妻の過ち 松下ゆうか,2009-05-03 10:00:37,https://video.dmm.co.jp/av/content/?id=13zom00004,https://al.fanza.co.jp/?lurl=https%3A%2F%2Fvideo.dmm.co.jp%2Fav%2Fcontent%2F%3Fid%3D13zom00004&af_id=okd0405-990&ch=api,,,,単体作品 / 人妻・主婦 / 浣腸 / アナル / 辱め / 飲尿
149rd278r,149rd278r,digital,videoa,おはズボッ！こんなに突かれたら、夢にまで出てきそう！,2009-05-03 10:00:36,https://video.dmm.co.jp/av/content/?id=149rd278r,https://al.fanza.co.jp/?lurl=https%3A%2F%2Fvideo.dmm.co.jp%2Fav%2Fcontent%2F%3Fid%3D149rd278r&af_id=okd0405-990&ch=api,,,,騎乗位 / 職業色々
49mama00099,49mama00099,digital,videoa,初脱ぎ熟女 2009 5月号,2009-05-03 10:00:35,https://video.dmm.co.jp/av/content/?id=49mama00099,https://al.fanza.co.jp/?lurl=https%3A%2F%2Fvideo.dmm.co.jp%2Fav%2Fcontent%2F%3Fid%3D49mama00099&af_id=okd0405-990&ch=api,,,,ドキュメンタリー / 熟女
125ud00382r,125ud00382r,digital,videoa,絶倫ナースステーション,2009-05-03 10:00:34,https://video.dmm.co.jp/av/content/?id=125ud00382r,https://al.fanza.co.jp/?lurl=https%3A%2F%2Fvideo.dmm.co.jp%2Fav%2Fcontent%2F%3Fid%3D125ud00382r&af_id=okd0405-990&ch=api,,,,クンニ / 巨乳 / 看護婦・ナース / デジモ
29djno00066,29djno00066,digital,videoa,どすけべ熟女のエロ乳,2009-05-03 10:00:33,https://video.dmm.co.jp/av/content/?id=29djno00066,https://al.fanza.co.jp/?lurl=https%3A%2F%2Fvideo.dmm.co.jp%2Fav%2Fcontent%2F%3Fid%3D29djno00066&af_id=okd0405-990&ch=api,,,,拷問 / パイズリ / 巨乳 / 熟女 / クンニ / 単体作品
13zom00005,13zom00005,digital,videoa,欲求不満の人妻と母親の愛情を知らない青年のSEX,2009-05-03 10:00:31,https://video.dmm.co.jp/av/content/?id=13zom00005,https://al.fanza.co.jp/?lurl=https%3A%2F%2Fvideo.dmm.co.jp%2Fav%2Fcontent%2F%3Fid%3D13zom00005&af_id=okd0405-990&ch=api,,,,単体作品 / 騎乗位 / クンニ / 人妻・主婦
125ud00381r,125ud00381r,digital,videoa,女教師いじめ 凌●教室,2009-05-03 10:00:30,https://video.dmm.co.jp/av/content/?id=125ud00381r,https://al.fanza.co.jp/?lurl=https%3A%2F%2Fvideo.dmm.co.jp%2Fav%2Fcontent%2F%3Fid%3D125ud00381r&af_id=okd0405-990&ch=api,,,,辱め / 女教師 / デジモ
29djnk00097,29djnk00097,digital,videoa,『尻ふり・尻こき』 7 パンティーのシミは本気のシルシ,2009-05-03 10:00:28,https://video.dmm.co.jp/av/content/?id=29djnk00097,https://al.fanza.co.jp/?lurl=https%3A%2F%2Fvideo.dmm.co.jp%2Fav%2Fcontent%2F%3Fid%3D29djnk00097&af_id=okd0405-990&ch=api,,,,素人 / 尻フェチ / その他フェチ / ランジェリー
h_115seed00034,h_115seed00034,digital,videoa,スーパー美熟女セレクション VOL.10,2009-05-03 10:00:26,https://video.dmm.co.jp/av/content/?id=h_115seed00034,https://al.fanza.co.jp/?lurl=https%3A%2F%2Fvideo.dmm.co.jp%2Fav%2Fcontent%2F%3Fid%3Dh_115seed00034&af_id=okd0405-990&ch=api,,,,巨乳 / 熟女 / 騎乗位
140c1181,140c1181,digital,videoa,jk 014 ゆう,2009-05-03 10:00:25,https://video.dmm.co.jp/av/content/?id=140c1181,https://al.fanza.co.jp/?lurl=https%3A%2F%2Fvideo.dmm.co.jp%2Fav%2Fcontent%2F%3Fid%3D140c1181&af_id=okd0405-990&ch=api,,,,騎乗位 / セーラー服 / 女子校生
125ud00383r,125ud00383r,digital,videoa,エロドラマ（仮） 2,2009-05-03 10:00:24,https://video.dmm.co.jp/av/content/?id=125ud00383r,https://al.fanza.co.jp/?lurl=https%3A%2F%2Fvideo.dmm.co.jp%2Fav%2Fcontent%2F%3Fid%3D125ud00383r&af_id=okd0405-990&ch=api,,,,職業色々 / デジモ
41bndv00571,41bndv00571,digital,videoa,いけない女子校生4時間,2009-05-03 10:00:23,https://video.dmm.co.jp/av/content/?id=41bndv00571,https://al.fanza.co.jp/?lurl=https%3A%2F%2Fvideo.dmm.co.jp%2Fav%2Fcontent%2F%3Fid%3D41bndv00571&af_id=okd0405-990&ch=api,,,,拘束 / 中出し / 3P・4P / パイズリ / 女子校生
h_189aecb16,h_189aecb16,digital,videoa,私、温泉宿で強●されました…,2009-05-03 10:00:18,https://video.dmm.co.jp/av/content/?id=h_189aecb16,https://al.fanza.co.jp/?lurl=https%3A%2F%2Fvideo.dmm.co.jp%2Fav%2Fcontent%2F%3Fid%3Dh_189aecb16&af_id=okd0405-990&ch=api,,,,盗撮・のぞき / 和服・浴衣
59het540,59het540,digital,videoa,セクシーパブ特攻隊 閉店後に口説いてSEX,2009-05-03 10:00:17,https://video.dmm.co.jp/av/content/?id=59het540,https://al.fanza.co.jp/?lurl=https%3A%2F%2Fvideo.dmm.co.jp%2Fav%2Fcontent%2F%3Fid%3D59het540&af_id=okd0405-990&ch=api,,,,クンニ / ランジェリー / 職業色々
h_170vnds667,h_170vnds667,digital,videoa,流刑島,2009-05-03 10:00:16,https://video.dmm.co.jp/av/content/?id=h_170vnds667,https://al.fanza.co.jp/?lurl=https%3A%2F%2Fvideo.dmm.co.jp%2Fav%2Fcontent%2F%3Fid%3Dh_170vnds667&af_id=okd0405-990&ch=api,,,,野外・露出 / 騎乗位 / フェラ / 拘束
189dss00003,189dss00003,digital,videoa,萌え～スク水！第三のコ～ス！まさみちゃん,2009-05-03 10:00:14,https://video.dmm.co.jp/av/content/?id=189dss00003,https://al.fanza.co.jp/?lurl=https%3A%2F%2Fvideo.dmm.co.jp%2Fav%2Fcontent%2F%3Fid%3D189dss00003&af_id=okd0405-990&ch=api,,,,競泳・スクール水着 / 巨乳 / 顔射 / ローター
28dvh00268,28dvh00268,digital,videoa,友田真希の素人逆ナンパ中出し,2009-05-03 10:00:13,https://video.dmm.co.jp/av/content/?id=28dvh00268,https://al.fanza.co.jp/?lurl=https%3A%2F%2Fvideo.dmm.co.jp%2Fav%2Fcontent%2F%3Fid%3D28dvh00268&af_id=okd0405-990&ch=api,,,,逆ナン / 中出し / 熟女 / めがね / ナンパ / 3P・4P
29djnk00098,29djnk00098,digital,videoa,屁をコいて恥ずかしがる女達 4,2009-05-03 10:00:12,https://video.dmm.co.jp/av/content/?id=29djnk00098,https://al.fanza.co.jp/?lurl=https%3A%2F%2Fvideo.dmm.co.jp%2Fav%2Fcontent%2F%3Fid%3D29djnk00098&af_id=okd0405-990&ch=api,,,,羞恥 / ランジェリー / その他フェチ / 尻フェチ
29djno00067,29djno00067,digital,videoa,素人のみなさん！綺麗な痴熟女に発射した後も責め続けられてみませんか！ 4,2009-05-03 10:00:11,https://video.dmm.co.jp/av/content/?id=29djno00067,https://al.fanza.co.jp/?lurl=https%3A%2F%2Fvideo.dmm.co.jp%2Fav%2Fcontent%2F%3Fid%3D29djno00067&af_id=okd0405-990&ch=api,,,,熟女 / 痴女 / OL / 騎乗位
29djny00004,29djny00004,digital,videoa,実録！トイレが流れなくて困る女達,2009-05-03 10:00:10,https://video.dmm.co.jp/av/content/?id=29djny00004,https://al.fanza.co.jp/?lurl=https%3A%2F%2Fvideo.dmm.co.jp%2Fav%2Fcontent%2F%3Fid%3D29djny00004&af_id=okd0405-990&ch=api,,,,盗撮・のぞき / その他フェチ / 羞恥
62daj00059,62daj00059,digital,videoa,ミニスカ ブルーエンジェルズ Deluxe,2009-05-03 10:00:06,https://video.dmm.co.jp/av/content/?id=62daj00059,https://al.fanza.co.jp/?lurl=https%3A%2F%2Fvideo.dmm.co.jp%2Fav%2Fcontent%2F%3Fid%3D62daj00059&af_id=okd0405-990&ch=api,,,,ミニスカ / 制服 / コスプレ / その他フェチ
62daj00055,62daj00055,digital,videoa,巨乳オナニー Deluxe,2009-05-03 10:00:05,https://video.dmm.co.jp/av/content/?id=62daj00055,https://al.fanza.co.jp/?lurl=https%3A%2F%2Fvideo.dmm.co.jp%2Fav%2Fcontent%2F%3Fid%3D62daj00055&af_id=okd0405-990&ch=api,,,,巨乳フェチ / オナニー / ベスト・総集編 / 巨乳 / ギャル
434shim002,434shim002,digital,videoa,PRIVATE FILM 02,2009-05-03 10:00:04,https://video.dmm.co.jp/av/content/?id=434shim002,https://al.fanza.co.jp/?lurl=https%3A%2F%2Fvideo.dmm.co.jp%2Fav%2Fcontent%2F%3Fid%3D434shim002&af_id=okd0405-990&ch=api,,,,騎乗位 / ドキュメンタリー / 中出し / ギャル / 素人
h_168jml005,h_168jml005,digital,videoa,スチュワーデスS.O.Sコール,2009-05-03 10:00:03,https://video.dmm.co.jp/av/content/?id=h_168jml005,https://al.fanza.co.jp/?lurl=https%3A%2F%2Fvideo.dmm.co.jp%2Fav%2Fcontent%2F%3Fid%3Dh_168jml005&af_id=okd0405-990&ch=api,,,,スチュワーデス / パンスト・タイツ / 羞恥 / 3P・4P
42sp429,42sp429,digital,videoa,お姉さん、綺麗ですね… 3,2009-05-03 10:00:02,https://video.dmm.co.jp/av/content/?id=42sp429,https://al.fanza.co.jp/?lurl=https%3A%2F%2Fvideo.dmm.co.jp%2Fav%2Fcontent%2F%3Fid%3D42sp429&af_id=okd0405-990&ch=api,,,,美乳 / ハメ撮り / お姉さん / 単体作品
52fe00186,52fe00186,digital,videoa,乱熟花嫁 第3章 宮木汐音,2009-05-03 10:00:01,https://video.dmm.co.jp/av/content/?id=52fe00186,https://al.fanza.co.jp/?lurl=https%3A%2F%2Fvideo.dmm.co.jp%2Fav%2Fcontent%2F%3Fid%3D52fe00186&af_id=okd0405-990&ch=api,,,,花嫁 / 単体作品 / シックスナイン / フェラ / ランジェリー
nrul001,nrul001,digital,videoa,全員顔出し！女子校生中出し,2009-05-03 10:00:00,https://video.dmm.co.jp/av/content/?id=nrul001,https://al.fanza.co.jp/?lurl=https%3A%2F%2Fvideo.dmm.co.jp%2Fav%2Fcontent%2F%3Fid%3Dnrul001&af_id=okd0405-990&ch=api,,,,インディーズ / 中出し / 女子校生 / 制服
aa665,aa665,digital,videoa,NEO出血大制服24,2009-05-03 10:00:00,https://video.dmm.co.jp/av/content/?id=aa665,https://al.fanza.co.jp/?lurl=https%3A%2F%2Fvideo.dmm.co.jp%2Fav%2Fcontent%2F%3Fid%3Daa665&af_id=okd0405-990&ch=api,,,,バニーガール / レースクィーン / 看護婦・ナース / コスプレ / 3P・4P
49mama00100,49mama00100,digital,videoa,熟女狩り 10,2009-05-02 10:00:26,https://video.dmm.co.jp/av/content/?id=49mama00100,https://al.fanza.co.jp/?lurl=https%3A%2F%2Fvideo.dmm.co.jp%2Fav%2Fcontent%2F%3Fid%3D49mama00100&af_id=okd0405-990&ch=api,,,,熟女
h_189bkbu00006,h_189bkbu00006,digital,videoa,痴●でっちあげ女子校生,2009-05-02 10:00:25,https://video.dmm.co.jp/av/content/?id=h_189bkbu00006,https://al.fanza.co.jp/?lurl=https%3A%2F%2Fvideo.dmm.co.jp%2Fav%2Fcontent%2F%3Fid%3Dh_189bkbu00006&af_id=okd0405-990&ch=api,,,,辱め / 女子校生
41hodv020560,41hodv020560,digital,videoa,●校痴女教師 雨音レイラ,2009-05-02 10:00:24,https://video.dmm.co.jp/av/content/?id=41hodv020560,https://al.fanza.co.jp/?lurl=https%3A%2F%2Fvideo.dmm.co.jp%2Fav%2Fcontent%2F%3Fid%3D41hodv020560&af_id=okd0405-990&ch=api,,,,女教師 / 単体作品 / 3P・4P / 顔射 / 痴女
41hodv020562,41hodv020562,digital,videoa,やりすぎ家庭教師 蒼井怜,2009-05-02 10:00:23,https://video.dmm.co.jp/av/content/?id=41hodv020562,https://al.fanza.co.jp/?lurl=https%3A%2F%2Fvideo.dmm.co.jp%2Fav%2Fcontent%2F%3Fid%3D41hodv020562&af_id=okd0405-990&ch=api,,,,単体作品 / 足コキ / 家庭教師 / 巨乳 / パイズリ / 拘束
41hodv020561,41hodv020561,digital,videoa,絶対コス！ 麻生香月,2009-05-02 10:00:22,https://video.dmm.co.jp/av/content/?id=41hodv020561,https://al.fanza.co.jp/?lurl=https%3A%2F%2Fvideo.dmm.co.jp%2Fav%2Fcontent%2F%3Fid%3D41hodv020561&af_id=okd0405-990&ch=api,,,,単体作品 / コスプレ / ボンテージ / 巨乳
41hodv020565,41hodv020565,digital,videoa,最高級ドM 失禁×号泣×凌● 星アンジェ,2009-05-02 10:00:21,https://video.dmm.co.jp/av/content/?id=41hodv020565,https://al.fanza.co.jp/?lurl=https%3A%2F%2Fvideo.dmm.co.jp%2Fav%2Fcontent%2F%3Fid%3D41hodv020565&af_id=okd0405-990&ch=api,,,,拘束 / 辱め / 単体作品 / 潮吹き / イラマチオ
41hodv020563,41hodv020563,digital,videoa,浮気なラブ◆ピーチ 坂井優羽,2009-05-02 10:00:20,https://video.dmm.co.jp/av/content/?id=41hodv020563,https://al.fanza.co.jp/?lurl=https%3A%2F%2Fvideo.dmm.co.jp%2Fav%2Fcontent%2F%3Fid%3D41hodv020563&af_id=okd0405-990&ch=api,,,,単体作品 / 拘束 / 3P・4P / 人妻・主婦 / 裸エプロン
h_067rnade376r,h_067rnade376r,digital,videoa,お義母さんと僕。近●相姦コレクション,2009-05-02 10:00:17,https://video.dmm.co.jp/av/content/?id=h_067rnade376r,https://al.fanza.co.jp/?lurl=https%3A%2F%2Fvideo.dmm.co.jp%2Fav%2Fcontent%2F%3Fid%3Dh_067rnade376r&af_id=okd0405-990&ch=api,,,,熟女 / 近親相姦 / 義母
h_189bkbu00007,h_189bkbu00007,digital,videoa,水泳部専属整体師の競泳水着放課後わいせつマッサージ,2009-05-02 10:00:16,https://video.dmm.co.jp/av/content/?id=h_189bkbu00007,https://al.fanza.co.jp/?lurl=https%3A%2F%2Fvideo.dmm.co.jp%2Fav%2Fcontent%2F%3Fid%3Dh_189bkbu00007&af_id=okd0405-990&ch=api,,,,マッサージ・リフレ / 女子校生 / 電マ / 水着 / 盗撮・のぞき
41hodv060056,41hodv060056,digital,videoa,アナタもアノ女（コ）に中出ししませんか？ 5 中出し×素人×お姉さん,2009-05-02 10:00:15,https://video.dmm.co.jp/av/content/?id=41hodv060056,https://al.fanza.co.jp/?lurl=https%3A%2F%2Fvideo.dmm.co.jp%2Fav%2Fcontent%2F%3Fid%3D41hodv060056&af_id=okd0405-990&ch=api,,,,素人 / 中出し / ハメ撮り / お姉さん
41hodv060055,41hodv060055,digital,videoa,職場にナイショでAVに出たオンナたち 5,2009-05-02 10:00:14,https://video.dmm.co.jp/av/content/?id=41hodv060055,https://al.fanza.co.jp/?lurl=https%3A%2F%2Fvideo.dmm.co.jp%2Fav%2Fcontent%2F%3Fid%3D41hodv060055&af_id=okd0405-990&ch=api,,,,チャイナドレス / 職業色々 / 騎乗位 / 拘束 / メイド
140c1171,140c1171,digital,videoa,人妻素行調査 大久保駅前興信所 三,2009-05-02 10:00:13,https://video.dmm.co.jp/av/content/?id=140c1171,https://al.fanza.co.jp/?lurl=https%3A%2F%2Fvideo.dmm.co.jp%2Fav%2Fcontent%2F%3Fid%3D140c1171&af_id=okd0405-990&ch=api,,,,人妻・主婦 / 顔射 / 不倫
h_100smow053,h_100smow053,digital,videoa,TARGET,2009-05-02 10:00:12,https://video.dmm.co.jp/av/content/?id=h_100smow053,https://al.fanza.co.jp/?lurl=https%3A%2F%2Fvideo.dmm.co.jp%2Fav%2Fcontent%2F%3Fid%3Dh_100smow053&af_id=okd0405-990&ch=api,,,,盗撮・のぞき / 中出し / 拘束
46rgdr00147,46rgdr00147,digital,videoa,THE PARADISE OF 女子校生黒タイツ 4,2009-05-02 10:00:11,https://video.dmm.co.jp/av/content/?id=46rgdr00147,https://al.fanza.co.jp/?lurl=https%3A%2F%2Fvideo.dmm.co.jp%2Fav%2Fcontent%2F%3Fid%3D46rgdr00147&af_id=okd0405-990&ch=api,,,,騎乗位 / 指マン / パンスト・タイツ / その他フェチ / 女子校生
13fmd01,13fmd01,digital,videoa,黒人とロ●ータのアナル交尾 ～二人の黒人とロリ娘が2穴ファック～,2009-05-02 10:00:09,https://video.dmm.co.jp/av/content/?id=13fmd01,https://al.fanza.co.jp/?lurl=https%3A%2F%2Fvideo.dmm.co.jp%2Fav%2Fcontent%2F%3Fid%3D13fmd01&af_id=okd0405-990&ch=api,,,,単体作品 / ミニ系 / 黒人男優 / 3P・4P / アナル / フェラ
h_167alx237,h_167alx237,digital,videoa,ヤミ金業者流出ビデオ,2009-05-02 10:00:08,https://video.dmm.co.jp/av/content/?id=h_167alx237,https://al.fanza.co.jp/?lurl=https%3A%2F%2Fvideo.dmm.co.jp%2Fav%2Fcontent%2F%3Fid%3Dh_167alx237&af_id=okd0405-990&ch=api,,,,人妻・主婦 / 騎乗位 / フェラ / 若妻・幼妻
28dvh00262,28dvh00262,digital,videoa,女子校生レ●プ 犯●れまくる9人の女子校生,2009-05-02 10:00:07,https://video.dmm.co.jp/av/content/?id=28dvh00262,https://al.fanza.co.jp/?lurl=https%3A%2F%2Fvideo.dmm.co.jp%2Fav%2Fcontent%2F%3Fid%3D28dvh00262&af_id=okd0405-990&ch=api,,,,中出し / セーラー服 / 女子校生 / 顔射
h_169imgs067,h_169imgs067,digital,videoa,文化部代表 8 ～勇気の音色～,2009-05-02 10:00:06,https://video.dmm.co.jp/av/content/?id=h_169imgs067,https://al.fanza.co.jp/?lurl=https%3A%2F%2Fvideo.dmm.co.jp%2Fav%2Fcontent%2F%3Fid%3Dh_169imgs067&af_id=okd0405-990&ch=api,,,,女子校生 / 学生服 / 騎乗位 / フェラ / 野外・露出
180_02210,180_02210,digital,videoa,聖スカトロ黒百合学園 2,2009-05-02 10:00:05,https://video.dmm.co.jp/av/content/?id=180_02210,https://al.fanza.co.jp/?lurl=https%3A%2F%2Fvideo.dmm.co.jp%2Fav%2Fcontent%2F%3Fid%3D180_02210&af_id=okd0405-990&ch=api,,,,女子校生 / 学園もの / レズビアン / スカトロ / SM
433mbd102,433mbd102,digital,videoa,実録 近親相姦 再現ドラマシリーズ ＜第一話＞私は年上、魔性の女 弟と息子と… ＜第二話＞未亡人愛欲三角形 母と息子と教え子と,2009-05-02 10:00:04,https://video.dmm.co.jp/av/content/?id=433mbd102,https://al.fanza.co.jp/?lurl=https%3A%2F%2Fvideo.dmm.co.jp%2Fav%2Fcontent%2F%3Fid%3D433mbd102&af_id=okd0405-990&ch=api,,,,騎乗位 / クンニ / お母さん / 未亡人 / 近親相姦
104tkyd00003,104tkyd00003,digital,videoa,次の駅は精液 白線までおさわりください！ VOL.3,2009-05-02 10:00:03,https://video.dmm.co.jp/av/content/?id=104tkyd00003,https://al.fanza.co.jp/?lurl=https%3A%2F%2Fvideo.dmm.co.jp%2Fav%2Fcontent%2F%3Fid%3D104tkyd00003&af_id=okd0405-990&ch=api,,,,素人 / 人妻・主婦 / 女子校生 / OL
181dse00410,181dse00410,digital,videoa,手篭めにされた巨乳嫁 雪美まゆ,2009-05-02 10:00:01,https://video.dmm.co.jp/av/content/?id=181dse00410,https://al.fanza.co.jp/?lurl=https%3A%2F%2Fvideo.dmm.co.jp%2Fav%2Fcontent%2F%3Fid%3D181dse00410&af_id=okd0405-990&ch=api,,,,単体作品 / パイズリ / 人妻・主婦 / 巨乳
mlrl001,mlrl001,digital,videoa,盗撮だから見れる！バカップルたちのリアルセックス,2009-05-02 10:00:00,https://video.dmm.co.jp/av/content/?id=mlrl001,https://al.fanza.co.jp/?lurl=https%3A%2F%2Fvideo.dmm.co.jp%2Fav%2Fcontent%2F%3Fid%3Dmlrl001&af_id=okd0405-990&ch=api,,,,カップル / インディーズ / 盗撮・のぞき / クンニ
tek00012,tek00012,digital,videoa,フレッシュ 三村翔子,2009-05-01 10:00:50,https://video.dmm.co.jp/av/content/?id=tek00012,https://al.fanza.co.jp/?lurl=https%3A%2F%2Fvideo.dmm.co.jp%2Fav%2Fcontent%2F%3Fid%3Dtek00012&af_id=okd0405-990&ch=api,,,,アイドル・芸能人 / 潮吹き / 3P・4P / ハメ撮り / デビュー作品 / 独占配信 / 単体作品
iptd00452,iptd00452,digital,videoa,First Impression AYA,2009-05-01 10:00:49,https://video.dmm.co.jp/av/content/?id=iptd00452,https://al.fanza.co.jp/?lurl=https%3A%2F%2Fvideo.dmm.co.jp%2Fav%2Fcontent%2F%3Fid%3Diptd00452&af_id=okd0405-990&ch=api,,,,アイドル・芸能人 / 3P・4P / 顔射 / デジモ / デビュー作品 / 独占配信 / 単体作品
13sun00006,13sun00006,digital,videoa,ボイン大好きしょう太くんのHなイタズラ 松嶋れいな,2009-05-01 10:00:47,https://video.dmm.co.jp/av/content/?id=13sun00006,https://al.fanza.co.jp/?lurl=https%3A%2F%2Fvideo.dmm.co.jp%2Fav%2Fcontent%2F%3Fid%3D13sun00006&af_id=okd0405-990&ch=api,,,,巨乳フェチ / 水着 / イタズラ / ショタ / 単体作品 / 巨乳
49cadv108,49cadv108,digital,videoa,独占！！高坂保奈美,2009-05-01 10:00:46,https://video.dmm.co.jp/av/content/?id=49cadv108,https://al.fanza.co.jp/?lurl=https%3A%2F%2Fvideo.dmm.co.jp%2Fav%2Fcontent%2F%3Fid%3D49cadv108&af_id=okd0405-990&ch=api,,,,単体作品 / 痴女 / 熟女 / 騎乗位 / 3P・4P / 淫語
mmnd00043,mmnd00043,digital,videoa,『全裸無理』 大空かのん,2009-05-01 10:00:45,https://video.dmm.co.jp/av/content/?id=mmnd00043,https://al.fanza.co.jp/?lurl=https%3A%2F%2Fvideo.dmm.co.jp%2Fav%2Fcontent%2F%3Fid%3Dmmnd00043&af_id=okd0405-990&ch=api,,,,単体作品 / 独占配信 / 拘束 / アイドル・芸能人 / 巨乳 / イメージビデオ
iptd00446,iptd00446,digital,videoa,ジェシカは僕のいいなりM奴● 希崎ジェシカ,2009-05-01 10:00:43,https://video.dmm.co.jp/av/content/?id=iptd00446,https://al.fanza.co.jp/?lurl=https%3A%2F%2Fvideo.dmm.co.jp%2Fav%2Fcontent%2F%3Fid%3Diptd00446&af_id=okd0405-990&ch=api,,,,単体作品 / 監禁 / 放尿・お漏らし / 独占配信 / デジモ
migd00237,migd00237,digital,videoa,痴女と精飲 桜井エミリ,2009-05-01 10:00:42,https://video.dmm.co.jp/av/content/?id=migd00237,https://al.fanza.co.jp/?lurl=https%3A%2F%2Fvideo.dmm.co.jp%2Fav%2Fcontent%2F%3Fid%3Dmigd00237&af_id=okd0405-990&ch=api,,,,女子校生 / 痴女 / ごっくん / 3P・4P / デジモ / 独占配信 / 単体作品
iptd00454,iptd00454,digital,videoa,汗ばむ深イイSEX 桃野なごみ,2009-05-01 10:00:41,https://video.dmm.co.jp/av/content/?id=iptd00454,https://al.fanza.co.jp/?lurl=https%3A%2F%2Fvideo.dmm.co.jp%2Fav%2Fcontent%2F%3Fid%3Diptd00454&af_id=okd0405-990&ch=api,,,,単体作品 / 騎乗位 / 3P・4P / デジモ / 独占配信
iptd00447,iptd00447,digital,videoa,原ちゃんねる 原更紗,2009-05-01 10:00:40,https://video.dmm.co.jp/av/content/?id=iptd00447,https://al.fanza.co.jp/?lurl=https%3A%2F%2Fvideo.dmm.co.jp%2Fav%2Fcontent%2F%3Fid%3Diptd00447&af_id=okd0405-990&ch=api,,,,単体作品 / 独占配信 / 騎乗位 / ぶっかけ / 潮吹き / 3P・4P / デジモ
erh00027,erh00027,digital,videoa,東京三ツ星女子校生4 りな,2009-05-01 10:00:37,https://video.dmm.co.jp/av/content/?id=erh00027,https://al.fanza.co.jp/?lurl=https%3A%2F%2Fvideo.dmm.co.jp%2Fav%2Fcontent%2F%3Fid%3Derh00027&af_id=okd0405-990&ch=api,,,,制服 / 女子校生 / パイズリ / 3P・4P / 独占配信
mird00060,mird00060,digital,videoa,パイパンエンジェルDX 5,2009-05-01 10:00:36,https://video.dmm.co.jp/av/content/?id=mird00060,https://al.fanza.co.jp/?lurl=https%3A%2F%2Fvideo.dmm.co.jp%2Fav%2Fcontent%2F%3Fid%3Dmird00060&af_id=okd0405-990&ch=api,,,,独占配信 / ランジェリー / 乱交 / パイパン / 騎乗位 / デジモ
urad00016,urad00016,digital,videoa,OL援交の全記録 03 大手上場派遣会社勤務 Hカップ涼子,2009-05-01 10:00:35,https://video.dmm.co.jp/av/content/?id=urad00016,https://al.fanza.co.jp/?lurl=https%3A%2F%2Fvideo.dmm.co.jp%2Fav%2Fcontent%2F%3Fid%3Durad00016&af_id=okd0405-990&ch=api,,,,OL / 巨乳 / 潮吹き / パイズリ / 顔射 / 独占配信
midd00490,midd00490,digital,videoa,潮吹き失禁おしおきメイド 大橋未久,2009-05-01 10:00:32,https://video.dmm.co.jp/av/content/?id=midd00490,https://al.fanza.co.jp/?lurl=https%3A%2F%2Fvideo.dmm.co.jp%2Fav%2Fcontent%2F%3Fid%3Dmidd00490&af_id=okd0405-990&ch=api,,,,メイド / 放尿・お漏らし / 潮吹き / 3P・4P / デジモ / 独占配信 / 単体作品
midd00494,midd00494,digital,videoa,叱られ淫語。 青木玲,2009-05-01 10:00:26,https://video.dmm.co.jp/av/content/?id=midd00494,https://al.fanza.co.jp/?lurl=https%3A%2F%2Fvideo.dmm.co.jp%2Fav%2Fcontent%2F%3Fid%3Dmidd00494&af_id=okd0405-990&ch=api,,,,コスプレ / 騎乗位 / 手コキ / 淫語 / デジモ / 独占配信 / 単体作品
51cmc00031,51cmc00031,digital,videoa,姉妹浣腸 女華道教授マゾ牝開眼 葵みちる 一色霞,2009-05-01 10:00:25,https://video.dmm.co.jp/av/content/?id=51cmc00031,https://al.fanza.co.jp/?lurl=https%3A%2F%2Fvideo.dmm.co.jp%2Fav%2Fcontent%2F%3Fid%3D51cmc00031&af_id=okd0405-990&ch=api,,,,縛り・緊縛 / 浣腸 / 淫乱・ハード系 / SM
iptd00453,iptd00453,digital,videoa,稲森しほりの童貞くん、いらっしゃ～い！,2009-05-01 10:00:24,https://video.dmm.co.jp/av/content/?id=iptd00453,https://al.fanza.co.jp/?lurl=https%3A%2F%2Fvideo.dmm.co.jp%2Fav%2Fcontent%2F%3Fid%3Diptd00453&af_id=okd0405-990&ch=api,,,,独占配信 / 企画 / 単体作品 / 騎乗位 / デジモ
13sun00005,13sun00005,digital,videoa,ボイン大好きしょう太くんのHなイタズラ 妃乃ひかり,2009-05-01 10:00:23,https://video.dmm.co.jp/av/content/?id=13sun00005,https://al.fanza.co.jp/?lurl=https%3A%2F%2Fvideo.dmm.co.jp%2Fav%2Fcontent%2F%3Fid%3D13sun00005&af_id=okd0405-990&ch=api,,,,巨乳フェチ / 巨乳 / 職業色々 / イタズラ / ショタ / 単体作品
erh00029,erh00029,digital,videoa,巨乳調教ファイル03 現役巨乳家庭教師 姫野楓22歳,2009-05-01 10:00:22,https://video.dmm.co.jp/av/content/?id=erh00029,https://al.fanza.co.jp/?lurl=https%3A%2F%2Fvideo.dmm.co.jp%2Fav%2Fcontent%2F%3Fid%3Derh00029&af_id=okd0405-990&ch=api,,,,家庭教師 / 巨乳 / 潮吹き / 指マン / 独占配信
idbd00186,idbd00186,digital,videoa,IPザーメン博物館,2009-05-01 10:00:20,https://video.dmm.co.jp/av/content/?id=idbd00186,https://al.fanza.co.jp/?lurl=https%3A%2F%2Fvideo.dmm.co.jp%2Fav%2Fcontent%2F%3Fid%3Didbd00186&af_id=okd0405-990&ch=api,,,,独占配信 / その他フェチ / ぶっかけ / デジモ
gkd00010,gkd00010,digital,videoa,少女アナル玩具4 真崎寧々,2009-05-01 10:00:19,https://video.dmm.co.jp/av/content/?id=gkd00010,https://al.fanza.co.jp/?lurl=https%3A%2F%2Fvideo.dmm.co.jp%2Fav%2Fcontent%2F%3Fid%3Dgkd00010&af_id=okd0405-990&ch=api,,,,辱め / セーラー服 / アナル / 浣腸 / 単体作品
51cmk00007,51cmk00007,digital,videoa,母娘凌● 近親姦の罠 円城ひとみ ゆめのみみ,2009-05-01 10:00:18,https://video.dmm.co.jp/av/content/?id=51cmk00007,https://al.fanza.co.jp/?lurl=https%3A%2F%2Fvideo.dmm.co.jp%2Fav%2Fcontent%2F%3Fid%3D51cmk00007&af_id=okd0405-990&ch=api,,,,SM / 近親相姦 / レズビアン / 浣腸 / 縛り・緊縛
erh00022,erh00022,digital,videoa,素人ギャルズ首都圏MAP YUKINA（19）,2009-05-01 10:00:14,https://video.dmm.co.jp/av/content/?id=erh00022,https://al.fanza.co.jp/?lurl=https%3A%2F%2Fvideo.dmm.co.jp%2Fav%2Fcontent%2F%3Fid%3Derh00022&af_id=okd0405-990&ch=api,,,,ギャル / スレンダー / 素人 / 騎乗位 / 独占配信
iptd00449,iptd00449,digital,videoa,新任女教師 くりりん先生 栗林里莉,2009-05-01 10:00:13,https://video.dmm.co.jp/av/content/?id=iptd00449,https://al.fanza.co.jp/?lurl=https%3A%2F%2Fvideo.dmm.co.jp%2Fav%2Fcontent%2F%3Fid%3Diptd00449&af_id=okd0405-990&ch=api,,,,女教師 / 騎乗位 / 3P・4P / 顔射 / デジモ / 独占配信 / 単体作品
urad00017,urad00017,digital,videoa,都内 制服売春 03 りょう,2009-05-01 10:00:12,https://video.dmm.co.jp/av/content/?id=urad00017,https://al.fanza.co.jp/?lurl=https%3A%2F%2Fvideo.dmm.co.jp%2Fav%2Fcontent%2F%3Fid%3Durad00017&af_id=okd0405-990&ch=api,,,,制服 / 女子校生 / 巨乳 / 3P・4P / 顔射 / 独占配信
51cmn00036,51cmn00036,digital,videoa,恥辱の女潜入捜査官2 破壊 浅井千尋,2009-05-01 10:00:11,https://video.dmm.co.jp/av/content/?id=51cmn00036,https://al.fanza.co.jp/?lurl=https%3A%2F%2Fvideo.dmm.co.jp%2Fav%2Fcontent%2F%3Fid%3D51cmn00036&af_id=okd0405-990&ch=api,,,,単体作品 / 浣腸 / アナル / SM / 辱め / 拘束
mibd00395,mibd00395,digital,videoa,プルップルおっぱいに極上のクビレ！巨乳女子校生コンプリート8時間SPECIAL,2009-05-01 10:00:09,https://video.dmm.co.jp/av/content/?id=mibd00395,https://al.fanza.co.jp/?lurl=https%3A%2F%2Fvideo.dmm.co.jp%2Fav%2Fcontent%2F%3Fid%3Dmibd00395&af_id=okd0405-990&ch=api,,,,独占配信 / ベスト・総集編 / デジモ / 女子校生 / 巨乳
mdyd00447,mdyd00447,digital,videoa,女教師 玲 北島玲,2009-05-01 10:00:08,https://video.dmm.co.jp/av/content/?id=mdyd00447,https://al.fanza.co.jp/?lurl=https%3A%2F%2Fvideo.dmm.co.jp%2Fav%2Fcontent%2F%3Fid%3Dmdyd00447&af_id=okd0405-990&ch=api,,,,単体作品 / 独占配信 / 熟女 / 女教師 / 騎乗位 / 3P・4P / デジモ
mdyd00445,mdyd00445,digital,videoa,友人の母 青木りかこ,2009-05-01 10:00:07,https://video.dmm.co.jp/av/content/?id=mdyd00445,https://al.fanza.co.jp/?lurl=https%3A%2F%2Fvideo.dmm.co.jp%2Fav%2Fcontent%2F%3Fid%3Dmdyd00445&af_id=okd0405-990&ch=api,,,,単体作品 / 独占配信 / 熟女 / 騎乗位 / 3P・4P / デジモ
nkd00048,nkd00048,digital,videoa,お仕置き8 飯島くらら,2009-05-01 10:00:05,https://video.dmm.co.jp/av/content/?id=nkd00048,https://al.fanza.co.jp/?lurl=https%3A%2F%2Fvideo.dmm.co.jp%2Fav%2Fcontent%2F%3Fid%3Dnkd00048&af_id=okd0405-990&ch=api,,,,辱め / 制服 / 体操着・ブルマ / 指マン / 単体作品
jkfv00012,jkfv00012,digital,videoa,JK5 赤西あずさ,2009-05-01 10:00:04,https://video.dmm.co.jp/av/content/?id=jkfv00012,https://al.fanza.co.jp/?lurl=https%3A%2F%2Fvideo.dmm.co.jp%2Fav%2Fcontent%2F%3Fid%3Djkfv00012&af_id=okd0405-990&ch=api,,,,妄想族 / 単体作品 / その他フェチ / 女子校生 / 制服 / 貧乳・微乳 / 3P・4P
nhd00037,nhd00037,digital,videoa,M婦人不倫調教18,2009-05-01 10:00:03,https://video.dmm.co.jp/av/content/?id=nhd00037,https://al.fanza.co.jp/?lurl=https%3A%2F%2Fvideo.dmm.co.jp%2Fav%2Fcontent%2F%3Fid%3Dnhd00037&af_id=okd0405-990&ch=api,,,,辱め / 人妻・主婦 / 不倫 / 縛り・緊縛 / 単体作品
33ace00011,33ace00011,digital,videoa,Shake Body Ver.9,2009-05-01 10:00:02,https://video.dmm.co.jp/av/content/?id=33ace00011,https://al.fanza.co.jp/?lurl=https%3A%2F%2Fvideo.dmm.co.jp%2Fav%2Fcontent%2F%3Fid%3D33ace00011&af_id=okd0405-990&ch=api,,,,独占配信 / 単体作品 / パンスト・タイツ / 巨乳 / ランジェリー / レオタード / その他フェチ
nbd00023,nbd00023,digital,videoa,巨乳どれい3 速水百花,2009-05-01 10:00:01,https://video.dmm.co.jp/av/content/?id=nbd00023,https://al.fanza.co.jp/?lurl=https%3A%2F%2Fvideo.dmm.co.jp%2Fav%2Fcontent%2F%3Fid%3Dnbd00023&af_id=okd0405-990&ch=api,,,,辱め / 巨乳 / パイズリ / 縛り・緊縛 / 単体作品
vxxd00007,vxxd00007,digital,videoa,うんこ強盗 2,2009-05-01 10:00:00,https://video.dmm.co.jp/av/content/?id=vxxd00007,https://al.fanza.co.jp/?lurl=https%3A%2F%2Fvideo.dmm.co.jp%2Fav%2Fcontent%2F%3Fid%3Dvxxd00007&af_id=okd0405-990&ch=api,,,,独占配信 / 羞恥 / スカトロ / 脱糞
vvvd00034,vvvd00034,digital,videoa,極悪非道！中出し痴●240SP,2009-05-01 10:00:00,https://video.dmm.co.jp/av/content/?id=vvvd00034,https://al.fanza.co.jp/?lurl=https%3A%2F%2Fvideo.dmm.co.jp%2Fav%2Fcontent%2F%3Fid%3Dvvvd00034&af_id=okd0405-990&ch=api,,,,独占配信 / 巨乳 / 中出し
vvvd00033,vvvd00033,digital,videoa,V総集編2008 スペシャル8時間 5月～8月,2009-05-01 10:00:00,https://video.dmm.co.jp/av/content/?id=vvvd00033,https://al.fanza.co.jp/?lurl=https%3A%2F%2Fvideo.dmm.co.jp%2Fav%2Fcontent%2F%3Fid%3Dvvvd00033&af_id=okd0405-990&ch=api,,,,独占配信 / レズビアン / 中出し / 浣腸 / ベスト・総集編
vspd00029,vspd00029,digital,videoa,浣腸大運動会 ～2009春～,2009-05-01 10:00:00,https://video.dmm.co.jp/av/content/?id=vspd00029,https://al.fanza.co.jp/?lurl=https%3A%2F%2Fvideo.dmm.co.jp%2Fav%2Fcontent%2F%3Fid%3Dvspd00029&af_id=okd0405-990&ch=api,,,,独占配信 / 体操着・ブルマ / 企画 / 野外・露出 / 浣腸
vicd00162,vicd00162,digital,videoa,マニア隠し撮り密室観察 浣腸我慢の限界に達した女たち 2,2009-05-01 10:00:00,https://video.dmm.co.jp/av/content/?id=vicd00162,https://al.fanza.co.jp/?lurl=https%3A%2F%2Fvideo.dmm.co.jp%2Fav%2Fcontent%2F%3Fid%3Dvicd00162&af_id=okd0405-990&ch=api,,,,独占配信 / 羞恥 / その他フェチ / 浣腸
vicd00161,vicd00161,digital,videoa,癒し手コキ・フェラ,2009-05-01 10:00:00,https://video.dmm.co.jp/av/content/?id=vicd00161,https://al.fanza.co.jp/?lurl=https%3A%2F%2Fvideo.dmm.co.jp%2Fav%2Fcontent%2F%3Fid%3Dvicd00161&af_id=okd0405-990&ch=api,,,,独占配信 / OL / 看護婦・ナース / 女子校生 / フェラ / 手コキ
vicd00160,vicd00160,digital,videoa,シロダーラ催●快獄アクメ 2,2009-05-01 10:00:00,https://video.dmm.co.jp/av/content/?id=vicd00160,https://al.fanza.co.jp/?lurl=https%3A%2F%2Fvideo.dmm.co.jp%2Fav%2Fcontent%2F%3Fid%3Dvicd00160&af_id=okd0405-990&ch=api,,,,独占配信 / 拘束 / 騎乗位
venu00007,venu00007,digital,videoa,山湧ちさと 35歳,2009-05-01 10:00:00,https://video.dmm.co.jp/av/content/?id=venu00007,https://al.fanza.co.jp/?lurl=https%3A%2F%2Fvideo.dmm.co.jp%2Fav%2Fcontent%2F%3Fid%3Dvenu00007&af_id=okd0405-990&ch=api,,,,指マン / スレンダー / 熟女 / 単体作品
venu00006,venu00006,digital,videoa,柳田やよい 30歳,2009-05-01 10:00:00,https://video.dmm.co.jp/av/content/?id=venu00006,https://al.fanza.co.jp/?lurl=https%3A%2F%2Fvideo.dmm.co.jp%2Fav%2Fcontent%2F%3Fid%3Dvenu00006&af_id=okd0405-990&ch=api,,,,潮吹き / 手コキ / パンスト・タイツ / 熟女 / 単体作品
venu00005,venu00005,digital,videoa,高坂保奈美 33歳,2009-05-01 10:00:00,https://video.dmm.co.jp/av/content/?id=venu00005,https://al.fanza.co.jp/?lurl=https%3A%2F%2Fvideo.dmm.co.jp%2Fav%2Fcontent%2F%3Fid%3Dvenu00005&af_id=okd0405-990&ch=api,,,,潮吹き / 中出し / 騎乗位 / 熟女 / クンニ / 単体作品
urad00015,urad00015,digital,videoa,OL援交の全記録 02 某下着メーカー勤務 Fカップあきほ,2009-05-01 10:00:00,https://video.dmm.co.jp/av/content/?id=urad00015,https://al.fanza.co.jp/?lurl=https%3A%2F%2Fvideo.dmm.co.jp%2Fav%2Fcontent%2F%3Fid%3Durad00015&af_id=okd0405-990&ch=api,,,,OL / 巨乳 / パンスト・タイツ / 3P・4P / 顔射 / 独占配信
oomn00002,oomn00002,digital,videoa,近所で見かけたふぞろいのお母さん お母さんとの情事編120分,2009-05-01 10:00:00,https://video.dmm.co.jp/av/content/?id=oomn00002,https://al.fanza.co.jp/?lurl=https%3A%2F%2Fvideo.dmm.co.jp%2Fav%2Fcontent%2F%3Fid%3Doomn00002&af_id=okd0405-990&ch=api,,,,妄想族 / その他フェチ / お母さん / 熟女 / 手コキ / 近親相姦
oksn00012,oksn00012,digital,videoa,お母さんのすべて 時越芙美江 2,2009-05-01 10:00:00,https://video.dmm.co.jp/av/content/?id=oksn00012,https://al.fanza.co.jp/?lurl=https%3A%2F%2Fvideo.dmm.co.jp%2Fav%2Fcontent%2F%3Fid%3Doksn00012&af_id=okd0405-990&ch=api,,,,妄想族 / 単体作品 / 巨乳フェチ / 巨乳 / お母さん / 近親相姦 / 辱め
oksn00011,oksn00011,digital,videoa,お母さんのすべて 小林メイ,2009-05-01 10:00:00,https://video.dmm.co.jp/av/content/?id=oksn00011,https://al.fanza.co.jp/?lurl=https%3A%2F%2Fvideo.dmm.co.jp%2Fav%2Fcontent%2F%3Fid%3Doksn00011&af_id=okd0405-990&ch=api,,,,妄想族 / 単体作品 / 巨乳フェチ / 巨乳 / お母さん / 近親相姦 / 手コキ
ntd00032,ntd00032,digital,videoa,どれい妻6 中條美華,2009-05-01 10:00:00,https://video.dmm.co.jp/av/content/?id=ntd00032,https://al.fanza.co.jp/?lurl=https%3A%2F%2Fvideo.dmm.co.jp%2Fav%2Fcontent%2F%3Fid%3Dntd00032&af_id=okd0405-990&ch=api,,,,辱め / 人妻・主婦 / 顔射 / 指マン / 単体作品
nkd00047,nkd00047,digital,videoa,イラマ＆ビンタ3,2009-05-01 10:00:00,https://video.dmm.co.jp/av/content/?id=nkd00047,https://al.fanza.co.jp/?lurl=https%3A%2F%2Fvideo.dmm.co.jp%2Fav%2Fcontent%2F%3Fid%3Dnkd00047&af_id=okd0405-990&ch=api,,,,辱め / 女教師 / 人妻・主婦 / 縛り・緊縛 / 顔射
nit00037,nit00037,digital,videoa,THE BEST OF 黒タイツ,2009-05-01 10:00:00,https://video.dmm.co.jp/av/content/?id=nit00037,https://al.fanza.co.jp/?lurl=https%3A%2F%2Fvideo.dmm.co.jp%2Fav%2Fcontent%2F%3Fid%3Dnit00037&af_id=okd0405-990&ch=api,,,,独占配信 / パンスト・タイツ / 脚フェチ / ベスト・総集編
nit00036,nit00036,digital,videoa,SINGLE BEST 06 モカ,2009-05-01 10:00:00,https://video.dmm.co.jp/av/content/?id=nit00036,https://al.fanza.co.jp/?lurl=https%3A%2F%2Fvideo.dmm.co.jp%2Fav%2Fcontent%2F%3Fid%3Dnit00036&af_id=okd0405-990&ch=api,,,,独占配信 / 巨乳 / 単体作品 / 女優ベスト・総集編
mivd00019,mivd00019,digital,videoa,MOODYZ 2008年作品集,2009-05-01 10:00:00,https://video.dmm.co.jp/av/content/?id=mivd00019,https://al.fanza.co.jp/?lurl=https%3A%2F%2Fvideo.dmm.co.jp%2Fav%2Fcontent%2F%3Fid%3Dmivd00019&af_id=okd0405-990&ch=api,,,,独占配信 / 中出し / ぶっかけ / アナル / ベスト・総集編 / デジモ
midd00493,midd00493,digital,videoa,鬼イカセ拘束FUCK 安藤さやか,2009-05-01 10:00:00,https://video.dmm.co.jp/av/content/?id=midd00493,https://al.fanza.co.jp/?lurl=https%3A%2F%2Fvideo.dmm.co.jp%2Fav%2Fcontent%2F%3Fid%3Dmidd00493&af_id=okd0405-990&ch=api,,,,拘束 / 巨乳 / パイズリ / ローション・オイル / デジモ / 独占配信 / 単体作品
mibd00394,mibd00394,digital,videoa,もう許してください… 拷問に泣く17人の女たち,2009-05-01 10:00:00,https://video.dmm.co.jp/av/content/?id=mibd00394,https://al.fanza.co.jp/?lurl=https%3A%2F%2Fvideo.dmm.co.jp%2Fav%2Fcontent%2F%3Fid%3Dmibd00394&af_id=okd0405-990&ch=api,,,,拷問 / 拘束 / 辱め / ベスト・総集編 / デジモ / 独占配信
mibd00393,mibd00393,digital,videoa,潮吹きも抜き挿しも丸見え！人気女優のパイパンSEX4時間,2009-05-01 10:00:00,https://video.dmm.co.jp/av/content/?id=mibd00393,https://al.fanza.co.jp/?lurl=https%3A%2F%2Fvideo.dmm.co.jp%2Fav%2Fcontent%2F%3Fid%3Dmibd00393&af_id=okd0405-990&ch=api,,,,独占配信 / デジモ / パイパン / 潮吹き / ベスト・総集編
miad00421,miad00421,digital,videoa,ちょこたんの巨乳小○生,2009-05-01 10:00:00,https://video.dmm.co.jp/av/content/?id=miad00421,https://al.fanza.co.jp/?lurl=https%3A%2F%2Fvideo.dmm.co.jp%2Fav%2Fcontent%2F%3Fid%3Dmiad00421&af_id=okd0405-990&ch=api,,,,巨乳 / パイズリ / 3P・4P / デジモ / 独占配信
miad00420,miad00420,digital,videoa,女装したまま犯●れちゃった僕,2009-05-01 10:00:00,https://video.dmm.co.jp/av/content/?id=miad00420,https://al.fanza.co.jp/?lurl=https%3A%2F%2Fvideo.dmm.co.jp%2Fav%2Fcontent%2F%3Fid%3Dmiad00420&af_id=okd0405-990&ch=api,,,,女子校生 / 学生服 / 騎乗位 / 手コキ / デジモ / 独占配信 / 女装・男の娘
miad00419,miad00419,digital,videoa,ワケあり爆乳若妻 柔乳嬲り絶頂潮噴射 浅田ちち,2009-05-01 10:00:00,https://video.dmm.co.jp/av/content/?id=miad00419,https://al.fanza.co.jp/?lurl=https%3A%2F%2Fvideo.dmm.co.jp%2Fav%2Fcontent%2F%3Fid%3Dmiad00419&af_id=okd0405-990&ch=api,,,,拘束 / 若妻・幼妻 / 巨乳 / 潮吹き / デジモ / 独占配信 / イラマチオ / 単体作品
mhad00012,mhad00012,digital,videoa,BRIGHT 02,2009-05-01 10:00:00,https://video.dmm.co.jp/av/content/?id=mhad00012,https://al.fanza.co.jp/?lurl=https%3A%2F%2Fvideo.dmm.co.jp%2Fav%2Fcontent%2F%3Fid%3Dmhad00012&af_id=okd0405-990&ch=api,,,,その他フェチ / ゲイ / 騎乗位 / 独占配信
mhad00011,mhad00011,digital,videoa,BRIGHT 01,2009-05-01 10:00:00,https://video.dmm.co.jp/av/content/?id=mhad00011,https://al.fanza.co.jp/?lurl=https%3A%2F%2Fvideo.dmm.co.jp%2Fav%2Fcontent%2F%3Fid%3Dmhad00011&af_id=okd0405-990&ch=api,,,,その他フェチ / ゲイ / 騎乗位 / 独占配信
mdyd00449,mdyd00449,digital,videoa,美顔 君島冴子,2009-05-01 10:00:00,https://video.dmm.co.jp/av/content/?id=mdyd00449,https://al.fanza.co.jp/?lurl=https%3A%2F%2Fvideo.dmm.co.jp%2Fav%2Fcontent%2F%3Fid%3Dmdyd00449&af_id=okd0405-990&ch=api,,,,単体作品 / 独占配信 / ハメ撮り / デジモ / 拘束 / 熟女 / 騎乗位
mdyd00446,mdyd00446,digital,videoa,人妻奴● 夫の目の前で… 艶堂しほり,2009-05-01 10:00:00,https://video.dmm.co.jp/av/content/?id=mdyd00446,https://al.fanza.co.jp/?lurl=https%3A%2F%2Fvideo.dmm.co.jp%2Fav%2Fcontent%2F%3Fid%3Dmdyd00446&af_id=okd0405-990&ch=api,,,,単体作品 / 独占配信 / 熟女 / 人妻・主婦 / デジモ
mdyd00444,mdyd00444,digital,videoa,義母 恭子 三咲恭子,2009-05-01 10:00:00,https://video.dmm.co.jp/av/content/?id=mdyd00444,https://al.fanza.co.jp/?lurl=https%3A%2F%2Fvideo.dmm.co.jp%2Fav%2Fcontent%2F%3Fid%3Dmdyd00444&af_id=okd0405-990&ch=api,,,,単体作品 / 独占配信 / デジモ / 辱め / 義母 / 熟女 / 3P・4P
mbyd00060,mbyd00060,digital,videoa,若者に犯●れ続ける美熟女12人4時間,2009-05-01 10:00:00,https://video.dmm.co.jp/av/content/?id=mbyd00060,https://al.fanza.co.jp/?lurl=https%3A%2F%2Fvideo.dmm.co.jp%2Fav%2Fcontent%2F%3Fid%3Dmbyd00060&af_id=okd0405-990&ch=api,,,,独占配信 / 辱め / 熟女 / 騎乗位 / 3P・4P / デジモ
mbyd00059,mbyd00059,digital,videoa,義母の匂い4時間,2009-05-01 10:00:00,https://video.dmm.co.jp/av/content/?id=mbyd00059,https://al.fanza.co.jp/?lurl=https%3A%2F%2Fvideo.dmm.co.jp%2Fav%2Fcontent%2F%3Fid%3Dmbyd00059&af_id=okd0405-990&ch=api,,,,独占配信 / 義母 / 熟女 / ベスト・総集編 / デジモ
kzwl001,kzwl001,digital,videoa,ぽっちゃり熟女と肉塊セックス,2009-05-01 10:00:00,https://video.dmm.co.jp/av/content/?id=kzwl001,https://al.fanza.co.jp/?lurl=https%3A%2F%2Fvideo.dmm.co.jp%2Fav%2Fcontent%2F%3Fid%3Dkzwl001&af_id=okd0405-990&ch=api,,,,インディーズ / ぽっちゃり / 痴女 / 熟女
jkfv00011,jkfv00011,digital,videoa,JK5 成瀬心美,2009-05-01 10:00:00,https://video.dmm.co.jp/av/content/?id=jkfv00011,https://al.fanza.co.jp/?lurl=https%3A%2F%2Fvideo.dmm.co.jp%2Fav%2Fcontent%2F%3Fid%3Djkfv00011&af_id=okd0405-990&ch=api,,,,妄想族 / 単体作品 / その他フェチ / 女子校生 / 制服 / 手コキ / 3P・4P
iptd00450,iptd00450,digital,videoa,JUNGLE 桜あやめ,2009-05-01 10:00:00,https://video.dmm.co.jp/av/content/?id=iptd00450,https://al.fanza.co.jp/?lurl=https%3A%2F%2Fvideo.dmm.co.jp%2Fav%2Fcontent%2F%3Fid%3Diptd00450&af_id=okd0405-990&ch=api,,,,単体作品 / 騎乗位 / 3P・4P / デジモ / 独占配信
idbd00185,idbd00185,digital,videoa,GAL48,2009-05-01 10:00:00,https://video.dmm.co.jp/av/content/?id=idbd00185,https://al.fanza.co.jp/?lurl=https%3A%2F%2Fvideo.dmm.co.jp%2Fav%2Fcontent%2F%3Fid%3Didbd00185&af_id=okd0405-990&ch=api,,,,独占配信 / 潮吹き / デジモ / ギャル / 乱交 / ぶっかけ
idbd00184,idbd00184,digital,videoa,IP的淫語性活,2009-05-01 10:00:00,https://video.dmm.co.jp/av/content/?id=idbd00184,https://al.fanza.co.jp/?lurl=https%3A%2F%2Fvideo.dmm.co.jp%2Fav%2Fcontent%2F%3Fid%3Didbd00184&af_id=okd0405-990&ch=api,,,,独占配信 / 騎乗位 / 手コキ / 淫語 / デジモ
erh00028,erh00028,digital,videoa,即ハメ！素人ナンパ 03 街角娘がノリでSEXまでしちゃいました。,2009-05-01 10:00:00,https://video.dmm.co.jp/av/content/?id=erh00028,https://al.fanza.co.jp/?lurl=https%3A%2F%2Fvideo.dmm.co.jp%2Fav%2Fcontent%2F%3Fid%3Derh00028&af_id=okd0405-990&ch=api,,,,女子大生 / ナンパ / 素人 / 騎乗位 / 3P・4P / 独占配信
erh00026,erh00026,digital,videoa,東京三ツ星女子校生3 ゆき,2009-05-01 10:00:00,https://video.dmm.co.jp/av/content/?id=erh00026,https://al.fanza.co.jp/?lurl=https%3A%2F%2Fvideo.dmm.co.jp%2Fav%2Fcontent%2F%3Fid%3Derh00026&af_id=okd0405-990&ch=api,,,,制服 / 女子校生 / 騎乗位 / 3P・4P / 独占配信
erh00025,erh00025,digital,videoa,麗しのオフィスレディ れいこ21才,2009-05-01 10:00:00,https://video.dmm.co.jp/av/content/?id=erh00025,https://al.fanza.co.jp/?lurl=https%3A%2F%2Fvideo.dmm.co.jp%2Fav%2Fcontent%2F%3Fid%3Derh00025&af_id=okd0405-990&ch=api,,,,制服 / OL / パンスト・タイツ / 素人 / 騎乗位 / 独占配信
erh00024,erh00024,digital,videoa,麗しのオフィスレディ みき21才,2009-05-01 10:00:00,https://video.dmm.co.jp/av/content/?id=erh00024,https://al.fanza.co.jp/?lurl=https%3A%2F%2Fvideo.dmm.co.jp%2Fav%2Fcontent%2F%3Fid%3Derh00024&af_id=okd0405-990&ch=api,,,,制服 / OL / 騎乗位 / 独占配信
erh00023,erh00023,digital,videoa,素人ギャルズ首都圏MAP AKIHO（21）,2009-05-01 10:00:00,https://video.dmm.co.jp/av/content/?id=erh00023,https://al.fanza.co.jp/?lurl=https%3A%2F%2Fvideo.dmm.co.jp%2Fav%2Fcontent%2F%3Fid%3Derh00023&af_id=okd0405-990&ch=api,,,,ギャル / 巨乳 / 素人 / 騎乗位 / 独占配信
erh00021,erh00021,digital,videoa,T県で見つけた超美巨乳Gカップ女子大生を口説いてAV出演させちゃいます！,2009-05-01 10:00:00,https://video.dmm.co.jp/av/content/?id=erh00021,https://al.fanza.co.jp/?lurl=https%3A%2F%2Fvideo.dmm.co.jp%2Fav%2Fcontent%2F%3Fid%3Derh00021&af_id=okd0405-990&ch=api,,,,女子大生 / 巨乳 / ドキュメンタリー / パイズリ / 独占配信
edgd00166,edgd00166,digital,videoa,ザーメンをぶっかけられたい変態女にしごかれ続けて何度も抜かれちゃう僕 3,2009-05-01 10:00:00,https://video.dmm.co.jp/av/content/?id=edgd00166,https://al.fanza.co.jp/?lurl=https%3A%2F%2Fvideo.dmm.co.jp%2Fav%2Fcontent%2F%3Fid%3Dedgd00166&af_id=okd0405-990&ch=api,,,,独占配信 / 顔射 / 手コキ / ぶっかけ
edgd00165,edgd00165,digital,videoa,ごっくん天使のフェラ2,2009-05-01 10:00:00,https://video.dmm.co.jp/av/content/?id=edgd00165,https://al.fanza.co.jp/?lurl=https%3A%2F%2Fvideo.dmm.co.jp%2Fav%2Fcontent%2F%3Fid%3Dedgd00165&af_id=okd0405-990&ch=api,,,,独占配信 / ごっくん / フェラ / その他フェチ
dvmp00026,dvmp00026,digital,videoa,ビデオボックスオナニー盗撮 .24,2009-05-01 10:00:00,https://video.dmm.co.jp/av/content/?id=dvmp00026,https://al.fanza.co.jp/?lurl=https%3A%2F%2Fvideo.dmm.co.jp%2Fav%2Fcontent%2F%3Fid%3Ddvmp00026&af_id=okd0405-990&ch=api,,,,盗撮・のぞき / オナニー
dtsc00020,dtsc00020,digital,videoa,パンスト更衣室盗撮 密室の脚線美,2009-05-01 10:00:00,https://video.dmm.co.jp/av/content/?id=dtsc00020,https://al.fanza.co.jp/?lurl=https%3A%2F%2Fvideo.dmm.co.jp%2Fav%2Fcontent%2F%3Fid%3Ddtsc00020&af_id=okd0405-990&ch=api,,,,盗撮・のぞき / パンスト・タイツ / 脚フェチ / 素人
dtsc00019,dtsc00019,digital,videoa,222発オナニー,2009-05-01 10:00:00,https://video.dmm.co.jp/av/content/?id=dtsc00019,https://al.fanza.co.jp/?lurl=https%3A%2F%2Fvideo.dmm.co.jp%2Fav%2Fcontent%2F%3Fid%3Ddtsc00019&af_id=okd0405-990&ch=api,,,,盗撮・のぞき / オナニー / 素人
dspe00003,dspe00003,digital,videoa,オナニーすけべ顔3,2009-05-01 10:00:00,https://video.dmm.co.jp/av/content/?id=dspe00003,https://al.fanza.co.jp/?lurl=https%3A%2F%2Fvideo.dmm.co.jp%2Fav%2Fcontent%2F%3Fid%3Ddspe00003&af_id=okd0405-990&ch=api,,,,オナニー / 電マ / その他フェチ
dscp00019,dscp00019,digital,videoa,日常的下着試着室の風景5,2009-05-01 10:00:00,https://video.dmm.co.jp/av/content/?id=dscp00019,https://al.fanza.co.jp/?lurl=https%3A%2F%2Fvideo.dmm.co.jp%2Fav%2Fcontent%2F%3Fid%3Ddscp00019&af_id=okd0405-990&ch=api,,,,その他フェチ / ランジェリー
dscp00018,dscp00018,digital,videoa,日常的女子トイレの風景6,2009-05-01 10:00:00,https://video.dmm.co.jp/av/content/?id=dscp00018,https://al.fanza.co.jp/?lurl=https%3A%2F%2Fvideo.dmm.co.jp%2Fav%2Fcontent%2F%3Fid%3Ddscp00018&af_id=okd0405-990&ch=api,,,,その他フェチ / 放尿・お漏らし
csz00004,csz00004,digital,videoa,「赤外線盗撮シリーズ」Vol.4 CAR SEX,2009-05-01 10:00:00,https://video.dmm.co.jp/av/content/?id=csz00004,https://al.fanza.co.jp/?lurl=https%3A%2F%2Fvideo.dmm.co.jp%2Fav%2Fcontent%2F%3Fid%3Dcsz00004&af_id=okd0405-990&ch=api,,,,盗撮・のぞき / カーセックス / 不倫 / 人妻・主婦
aa374,aa374,digital,videoa,巨乳人妻官能デルタ痴態,2009-05-01 10:00:00,https://video.dmm.co.jp/av/content/?id=aa374,https://al.fanza.co.jp/?lurl=https%3A%2F%2Fvideo.dmm.co.jp%2Fav%2Fcontent%2F%3Fid%3Daa374&af_id=okd0405-990&ch=api,,,,和服・浴衣 / ローター / 人妻・主婦 / 巨乳
84rmiad00128,84rmiad00128,digital,videoa,美神 藤井シェリー,2009-05-01 10:00:00,https://video.dmm.co.jp/av/content/?id=84rmiad00128,https://al.fanza.co.jp/?lurl=https%3A%2F%2Fvideo.dmm.co.jp%2Fav%2Fcontent%2F%3Fid%3D84rmiad00128&af_id=okd0405-990&ch=api,,,,ハイビジョン / オナニー / デビュー作品 / 潮吹き / 単体作品
55t2800140,55t2800140,digital,videoa,TMA人妻Bible 8時間,2009-05-01 10:00:00,https://video.dmm.co.jp/av/content/?id=55t2800140,https://al.fanza.co.jp/?lurl=https%3A%2F%2Fvideo.dmm.co.jp%2Fav%2Fcontent%2F%3Fid%3D55t2800140&af_id=okd0405-990&ch=api,,,,中出し / バイブ / 人妻・主婦 / 熟女 / 4時間以上作品
55t2800139,55t2800139,digital,videoa,TMA女子校生Bible 8時間,2009-05-01 10:00:00,https://video.dmm.co.jp/av/content/?id=55t2800139,https://al.fanza.co.jp/?lurl=https%3A%2F%2Fvideo.dmm.co.jp%2Fav%2Fcontent%2F%3Fid%3D55t2800139&af_id=okd0405-990&ch=api,,,,パンスト・タイツ / 巨乳 / 女子校生 / セーラー服
51cmj00004,51cmj00004,digital,videoa,人妻綾音の浣腸荒縄縛り 結城綾音,2009-05-01 10:00:00,https://video.dmm.co.jp/av/content/?id=51cmj00004,https://al.fanza.co.jp/?lurl=https%3A%2F%2Fvideo.dmm.co.jp%2Fav%2Fcontent%2F%3Fid%3D51cmj00004&af_id=okd0405-990&ch=api,,,,人妻・主婦 / SM / 淫乱・ハード系 / 浣腸 / 縛り・緊縛 / 単体作品
51cmc00032,51cmc00032,digital,videoa,女囚大江戸秘録 美白処女残酷刑 堀北真美,2009-05-01 10:00:00,https://video.dmm.co.jp/av/content/?id=51cmc00032,https://al.fanza.co.jp/?lurl=https%3A%2F%2Fvideo.dmm.co.jp%2Fav%2Fcontent%2F%3Fid%3D51cmc00032&af_id=okd0405-990&ch=api,,,,縛り・緊縛 / 淫乱・ハード系 / SM / 単体作品 / 拷問
49vis00005,49vis00005,digital,videoa,VIP STAR STAGE 5,2009-05-01 10:00:00,https://video.dmm.co.jp/av/content/?id=49vis00005,https://al.fanza.co.jp/?lurl=https%3A%2F%2Fvideo.dmm.co.jp%2Fav%2Fcontent%2F%3Fid%3D49vis00005&af_id=okd0405-990&ch=api,,,,単体作品 / ギャル / ハメ撮り / 顔射 / 3P・4P / オナニー / 潮吹き
483nkd00007,483nkd00007,digital,videoa,巨尻妻 白川莉紗,2009-05-01 10:00:00,https://video.dmm.co.jp/av/content/?id=483nkd00007,https://al.fanza.co.jp/?lurl=https%3A%2F%2Fvideo.dmm.co.jp%2Fav%2Fcontent%2F%3Fid%3D483nkd00007&af_id=okd0405-990&ch=api,,,,顔射 / 人妻・主婦 / 尻フェチ / 単体作品
41iz00001,41iz00001,digital,videoa,病院内レ●プの実態を暴く！,2009-05-01 10:00:00,https://video.dmm.co.jp/av/content/?id=41iz00001,https://al.fanza.co.jp/?lurl=https%3A%2F%2Fvideo.dmm.co.jp%2Fav%2Fcontent%2F%3Fid%3D41iz00001&af_id=okd0405-990&ch=api,,,,看護婦・ナース / 素人
33svs00015,33svs00015,digital,videoa,豊満美女達の楽園,2009-05-01 10:00:00,https://video.dmm.co.jp/av/content/?id=33svs00015,https://al.fanza.co.jp/?lurl=https%3A%2F%2Fvideo.dmm.co.jp%2Fav%2Fcontent%2F%3Fid%3D33svs00015&af_id=okd0405-990&ch=api,,,,独占配信 / 騎乗位 / パイズリ / 3P・4P / 巨乳
33spl00024,33spl00024,digital,videoa,ペニバン夫人 男狩り 志村玲子 澤よし乃,2009-05-01 10:00:00,https://video.dmm.co.jp/av/content/?id=33spl00024,https://al.fanza.co.jp/?lurl=https%3A%2F%2Fvideo.dmm.co.jp%2Fav%2Fcontent%2F%3Fid%3D33spl00024&af_id=okd0405-990&ch=api,,,,独占配信 / 熟女 / その他フェチ / 騎乗位 / おもちゃ / 3P・4P
33rss00002,33rss00002,digital,videoa,露出で興奮したからSEXがしたい！ 綾瀬メグ,2009-05-01 10:00:00,https://video.dmm.co.jp/av/content/?id=33rss00002,https://al.fanza.co.jp/?lurl=https%3A%2F%2Fvideo.dmm.co.jp%2Fav%2Fcontent%2F%3Fid%3D33rss00002&af_id=okd0405-990&ch=api,,,,独占配信 / 単体作品 / 潮吹き / 3P・4P / 野外・露出 / 手コキ / 放尿・お漏らし
33dphn00102,33dphn00102,digital,videoa,非日常的悶絶遊戯 元レースクイーンの奥様、奈々子の場合,2009-05-01 10:00:00,https://video.dmm.co.jp/av/content/?id=33dphn00102,https://al.fanza.co.jp/?lurl=https%3A%2F%2Fvideo.dmm.co.jp%2Fav%2Fcontent%2F%3Fid%3D33dphn00102&af_id=okd0405-990&ch=api,,,,独占配信 / 単体作品 / 人妻・主婦 / パンスト・タイツ / ミニスカ / 騎乗位 / 指マン
13sun00009,13sun00009,digital,videoa,ボイン大好き亀市爺さんのＨなイタズラ 小辻もえ,2009-05-01 10:00:00,https://video.dmm.co.jp/av/content/?id=13sun00009,https://al.fanza.co.jp/?lurl=https%3A%2F%2Fvideo.dmm.co.jp%2Fav%2Fcontent%2F%3Fid%3D13sun00009&af_id=okd0405-990&ch=api,,,,単体作品 / イタズラ / 巨乳フェチ / 女教師 / 巨乳
13sun00007,13sun00007,digital,videoa,ボイン大好きしょう太くんのHなイタズラ 佐伯奈々,2009-05-01 10:00:00,https://video.dmm.co.jp/av/content/?id=13sun00007,https://al.fanza.co.jp/?lurl=https%3A%2F%2Fvideo.dmm.co.jp%2Fav%2Fcontent%2F%3Fid%3D13sun00007&af_id=okd0405-990&ch=api,,,,パイズリ / 巨乳フェチ / 巨乳 / 長身 / イタズラ / ショタ / 単体作品
13gst00008,13gst00008,digital,videoa,限ナシイキッパ！,2009-05-01 10:00:00,https://video.dmm.co.jp/av/content/?id=13gst00008,https://al.fanza.co.jp/?lurl=https%3A%2F%2Fvideo.dmm.co.jp%2Fav%2Fcontent%2F%3Fid%3D13gst00008&af_id=okd0405-990&ch=api,,,,バイブ / その他フェチ / 電マ
13gst00007,13gst00007,digital,videoa,ニーハイコレクター 絶対領域の虜,2009-05-01 10:00:00,https://video.dmm.co.jp/av/content/?id=13gst00007,https://al.fanza.co.jp/?lurl=https%3A%2F%2Fvideo.dmm.co.jp%2Fav%2Fcontent%2F%3Fid%3D13gst00007&af_id=okd0405-990&ch=api,,,,その他フェチ / 脚フェチ / ミニスカ / ニーソックス
